"Time,s",Activities,Activity Names,"Hip Flexion LT,deg","Hip Flexion RT,deg","Hip Abduction LT,deg","Hip Abduction RT,deg","Hip Rotation Ext LT,deg","Hip Rotation Ext RT,deg","Knee Flexion LT,deg","Knee Flexion RT,deg","Ankle Dorsiflexion LT,deg","Ankle Dorsiflexion RT,deg","Ankle Inversion LT,deg","Ankle Inversion RT,deg","Ankle Abduction LT,deg","Ankle Abduction RT,deg","Pelvic Tilt LT,deg","Pelvic Tilt RT,deg","Pelvic Obliquity LT,deg","Pelvic Obliquity RT,deg","Pelvic Rotation LT,deg","Pelvic Rotation RT,deg","Foot Pitch Down LT,deg","Foot Pitch Down RT,deg","Foot Roll Med LT,deg","Foot Roll Med RT,deg","Foot Rotation Ext LT,deg","Foot Rotation Ext RT,deg","Pelvis Accel Sensor X,mG","Pelvis Accel Sensor Y,mG","Pelvis Accel Sensor Z,mG","Thigh Accel Sensor X LT,mG","Thigh Accel Sensor Y LT,mG","Thigh Accel Sensor Z LT,mG","Shank Accel Sensor X LT,mG","Shank Accel Sensor Y LT,mG","Shank Accel Sensor Z LT,mG","Foot Accel Sensor X LT,mG","Foot Accel Sensor Y LT,mG","Foot Accel Sensor Z LT,mG","Thigh Accel Sensor X RT,mG","Thigh Accel Sensor Y RT,mG","Thigh Accel Sensor Z RT,mG","Shank Accel Sensor X RT,mG","Shank Accel Sensor Y RT,mG","Shank Accel Sensor Z RT,mG","Foot Accel Sensor X RT,mG","Foot Accel Sensor Y RT,mG","Foot Accel Sensor Z RT,mG","Pelvis Rot X,","Pelvis Rot Y,","Pelvis Rot Z,","LT Thigh Rot X,","LT Thigh Rot Y,","LT Thigh Rot Z,","LT Shank Rot X,","LT Shank Rot Y,","LT Shank Rot Z,","LT Foot Rot X,","LT Foot Rot Y,","LT Foot Rot Z,","RT Thigh Rot X,","RT Thigh Rot Y,","RT Thigh Rot Z,","RT Shank Rot X,","RT Shank Rot Y,","RT Shank Rot Z,","RT Foot Rot X,","RT Foot Rot Y,","RT Foot Rot Z,"
112.6,0,,7.63918,5.40529,0.705592,-2.4679,-0.144787,-4.38331,3.17928,-0.731555,1.95008,0.693131,-0.163789,-6.27133,-4.66333,1.98916,7.25027,7.25027,3.19053,-3.19053,-6.14781,6.14781,1.40305,0.59615,3.15768,-0.598983,-11.2435,4.18074,-15.138,-24.4261,17.0975,7.34134,114.736,20.5064,0,284.174,72.7513,-5.85268,-14.1809,16.674,13.1855,-19.5367,3.90363,-16.6147,3.9258,6.34174,2.36891,-0.518993,1.4562,-0.315083,-0.574864,-0.36428,-0.69767,-0.164133,-0.671546,-0.595991,-0.0902776,-0.77679,0.286695,-0.0621977,0.886271,0.308982,-0.704517,0.236711,0.0926561,-0.731238,0.0953418,0.204049,-0.239572,0.695035
112.61,0,,7.85469,5.46815,0.746988,-2.50558,-0.206838,-4.56877,3.62323,-0.64562,2.22157,0.800182,-0.129186,-6.27367,-4.64568,2.2235,7.29154,7.29154,3.256,-3.256,-6.20581,6.20581,1.41918,0.572679,3.17961,-0.679334,-11.3499,4.30031,-18.5598,-24.9121,22.4699,29.3133,132.832,11.708,11.2125,281.742,77.124,2.37271,-7.82394,-3.84784,-1.45715,-16.1283,-1.95181,0.975356,9.75998,20.9963,4.89575,1.42723,-3.92054,-0.314526,-0.574789,-0.364576,-0.696711,-0.165479,-0.672295,-0.596302,-0.0881422,-0.776493,0.286694,-0.0624415,0.886206,0.309774,-0.704697,0.237442,0.0944874,-0.731362,0.0960134,0.203624,-0.240246,0.69492
112.62,0,,8.09924,5.52346,0.820478,-2.52999,-0.289574,-4.7351,4.15272,-0.559684,2.53977,0.906152,-0.0930444,-6.29165,-4.6113,2.44563,7.32075,7.32075,3.31526,-3.31526,-6.25786,6.25786,1.43531,0.544515,3.19058,-0.765773,-11.4509,4.4221,-12.7017,-33.6861,13.177,47.3803,147.47,15.1296,25.4089,271.945,73.7352,1.89817,-2.93398,5.4511,-19.0496,-18.0609,9.2843,14.664,0,16.5971,0.473782,12.7153,-9.74534,-0.314056,-0.574762,-0.364842,-0.695474,-0.167185,-0.673256,-0.596769,-0.0856363,-0.776098,0.286703,-0.0626266,0.886111,0.310622,-0.704744,0.238353,0.0961983,-0.73162,0.0965035,0.203137,-0.240982,0.694745
112.63,0,,8.382,5.58002,0.886526,-2.57351,-0.337836,-4.90142,4.77471,-0.458324,2.90906,1.05105,-0.0599791,-6.27211,-4.59179,2.66443,7.34684,7.34684,3.37981,-3.37981,-6.30396,6.30396,1.44337,0.488186,3.19606,-0.888735,-11.5273,4.53725,5.36536,-30.2835,19.0395,58.5745,159.644,5.86563,34.6772,276.336,47.3895,-4.9036,-0.977993,-4.32881,28.3257,-17.0771,17.5663,34.6756,7.79708,7.313,-2.36891,10.7691,4.3686,-0.313616,-0.574739,-0.365194,-0.694158,-0.169206,-0.674259,-0.597383,-0.0829512,-0.775493,0.286759,-0.0627477,0.886037,0.311476,-0.704927,0.239269,0.0979062,-0.731855,0.0968685,0.202335,-0.242008,0.694592
112.64,0,,8.68922,5.60265,0.97862,-2.61279,-0.337836,-5.03389,5.48918,-0.376795,3.33163,1.19919,-0.0222999,-6.23226,-4.62617,2.87323,7.35853,7.35853,3.43402,-3.43402,-6.34709,6.34709,1.45143,0.431857,3.19606,-1.03361,-11.601,4.67454,34.6558,-7.31567,26.8622,33.6869,169.924,-8.79845,24.9115,303.227,51.2703,6.32723,10.2689,-2.88588,60.5608,10.2603,4.40477,29.7988,-20.9921,-15.6258,12.1604,-21.0192,13.2178,-0.313247,-0.574795,-0.365435,-0.692654,-0.171455,-0.675442,-0.598046,-0.0802644,-0.774688,0.286817,-0.0628081,0.885966,0.31246,-0.705004,0.240129,0.0994341,-0.732113,0.0970535,0.201432,-0.243244,0.694329
112.65,0,,9.05452,5.64916,1.07025,-2.64357,-0.282679,-5.16489,6.31001,-0.268825,3.81623,1.35274,0.0115344,-6.20726,-4.70235,3.06759,7.37138,7.37138,3.50316,-3.50316,-6.38724,6.38724,1.45143,0.37318,3.20702,-1.16144,-11.6583,4.79633,43.9357,-8.31215,11.725,-5.36282,194.842,-22.9505,26.8556,369.169,48.3187,5.85268,5.37896,-9.29894,27.3305,41.0061,23.4481,2.92607,-43.4564,-44.4207,12.1604,-27.3769,-0.448062,-0.312821,-0.574859,-0.365803,-0.690962,-0.174022,-0.676801,-0.598718,-0.0775178,-0.773713,0.286754,-0.0628686,0.885959,0.313196,-0.705196,0.240986,0.100958,-0.732344,0.0971738,0.200568,-0.244331,0.694113
112.66,0,,9.49777,5.71327,1.18327,-2.68709,-0.180639,-5.29883,7.26264,-0.138819,4.36724,1.48899,0.040755,-6.21741,-4.81292,3.23307,7.40019,7.40019,3.57046,-3.57046,-6.4259,6.4259,1.45143,0.347363,3.20702,-1.25519,-11.6992,4.88048,37.5849,-6.82957,9.27474,-24.8877,231.934,-36.1249,39.5601,456.057,73.2432,-0.949084,4.40097,4.32881,6.36172,56.6425,42.4915,-4.87678,-41.4935,8.31282,14.6872,-1.94623,-0.448062,-0.312398,-0.574805,-0.366234,-0.68906,-0.176889,-0.678378,-0.599574,-0.0745882,-0.772434,0.286754,-0.0628686,0.885959,0.313804,-0.705495,0.241716,0.102544,-0.732519,0.0971728,0.200085,-0.245132,0.693951
112.67,0,,10.0159,5.79246,1.27025,-2.7131,-0.0427466,-5.43719,8.38868,0.0154244,5.02262,1.64686,0.0684376,-6.24398,-4.95136,3.38523,7.43057,7.43057,3.65269,-3.65269,-6.46159,6.46159,1.44337,0.307463,3.20702,-1.33675,-11.7293,4.94691,7.80167,-21.4852,19.0395,-49.3067,264.148,-56.1425,68.8571,544.903,77.616,-1.42363,1.95599,1.92392,10.7332,47.858,24.424,-2.45521,-82.4963,6.82737,2.36891,-1.94623,-24.4194,-0.311918,-0.574759,-0.366793,-0.687094,-0.180181,-0.680014,-0.600613,-0.0712312,-0.770848,0.286699,-0.0628089,0.885978,0.314096,-0.705891,0.242316,0.104191,-0.732692,0.0971104,0.199533,-0.2458,0.693881
112.68,0,,10.6242,5.88046,1.35444,-2.73167,0.0854932,-5.57996,9.66965,0.171871,5.76047,1.8242,0.129955,-6.23695,-5.08795,3.58848,7.4664,7.4664,3.73883,-3.73883,-6.49431,6.49431,1.42724,0.258175,3.18509,-1.43658,-11.762,5.05984,6.84357,-8.79824,35.1569,-75.1837,307.114,-45.9009,74.6894,612.332,103.524,1.89817,9.77993,0.961959,12.1903,35.1731,31.7302,-21.4915,-118.646,19.5394,1.42135,0,9.29728,-0.311298,-0.574742,-0.367271,-0.684974,-0.183909,-0.6818,-0.601674,-0.0674495,-0.769107,0.286694,-0.0625637,0.886024,0.314099,-0.706387,0.242624,0.105961,-0.732754,0.0972325,0.198798,-0.246651,0.693686
112.69,0,,11.3548,5.99108,1.40607,-2.75874,0.239932,-5.73599,11.1541,0.334929,6.61581,2.01019,0.19301,-6.24086,-5.24776,3.81838,7.52442,7.52442,3.81118,-3.81118,-6.47349,6.47349,1.38692,0.204193,3.16317,-1.5425,-11.7374,5.13292,-4.87262,-7.80176,48.824,-85.4407,354.013,-56.6313,51.7672,652.803,152.827,15.1853,34.132,-7.856,13.683,16.1283,30.7543,-19.0362,-109.868,-4.39923,1.89513,-7.26591,4.92868,-0.310627,-0.574621,-0.367699,-0.682921,-0.188188,-0.683531,-0.602891,-0.0632373,-0.767027,0.28657,-0.062197,0.88614,0.313796,-0.707003,0.242687,0.107915,-0.732882,0.0974165,0.198009,-0.247572,0.693457
112.7,0,,12.2001,6.1105,1.41072,-2.77148,0.398509,-5.94499,12.8235,0.522225,7.55582,2.19726,0.19993,-6.23929,-5.40292,4.0816,7.58673,7.58673,3.89089,-3.89089,-6.43929,6.43929,1.33048,0.168987,3.15768,-1.65816,-11.6965,5.17277,-20.5033,-8.79824,41.0194,-126.938,379.878,-59.5641,41.0068,662.127,157.692,3.95452,29.3398,-12.1848,20.5068,-8.29257,10.735,-30.7741,-73.7178,6.82737,13.7397,-1.94623,-12.6577,-0.309894,-0.574496,-0.368186,-0.680881,-0.193125,-0.685214,-0.604451,-0.0586567,-0.764551,0.286212,-0.0618935,0.886347,0.313376,-0.70763,0.242693,0.110293,-0.732927,0.0978416,0.197391,-0.248539,0.693309
112.71,0,,13.1783,6.25631,1.36514,-2.74441,0.497791,-6.15548,14.6964,0.707317,8.62136,2.38541,0.203775,-6.28149,-5.46053,4.36481,7.66539,7.66539,3.96945,-3.96945,-6.39765,6.39765,1.24178,0.129088,3.13576,-1.75069,-11.6119,5.22592,-40.0486,-7.80176,33.1967,-151.357,422.371,-56.6313,101.545,663.072,167.967,14.2363,34.621,-18.1169,22.9591,-23.929,6.83135,-49.8104,-47.3822,20.025,14.2135,-7.26591,-22.5151,-0.309042,-0.574319,-0.368617,-0.67892,-0.198677,-0.686794,-0.606352,-0.0532862,-0.761755,0.285712,-0.0611586,0.886738,0.312826,-0.708055,0.242753,0.112799,-0.733071,0.0983328,0.196783,-0.249335,0.693133
112.72,0,,14.3047,6.46498,1.27955,-2.69824,0.478486,-6.33799,16.7589,0.914444,9.82264,2.58653,0.250682,-6.34322,-5.34625,4.64803,7.783,7.783,4.02848,-4.02848,-6.35303,6.35303,1.08051,0.0821466,3.02063,-1.83834,-11.4864,5.30564,-64.9318,-6.82957,37.1171,-150.367,444.352,-51.2777,213.85,642.06,175.784,9.33266,52.7138,-25.8126,-4.407,-45.8902,20.5204,-57.1424,-14.6672,40.5357,0.947564,4.93044,-12.2097,-0.308058,-0.573939,-0.368852,-0.677144,-0.204596,-0.688252,-0.60866,-0.0469374,-0.758689,0.285235,-0.0594519,0.887322,0.312157,-0.708243,0.24306,0.115364,-0.733266,0.0987617,0.196118,-0.250077,0.692976
112.73,0,,15.5596,6.69251,1.16932,-2.66745,0.394372,-6.48518,19.0225,1.12157,11.1903,2.77901,0.397554,-6.41198,-5.05264,4.93457,7.90683,7.90683,4.06477,-4.06477,-6.30693,6.30693,0.830542,0.0352057,2.77394,-1.93574,-11.2462,5.42078,-91.7859,-5.3713,36.137,-114.233,437.483,-71.7842,343.246,556.119,182.616,29.2634,90.3666,-22.9267,-28.8232,-88.864,5.85544,-32.7249,-2.94435,39.5645,-16.1086,-12.7153,5.37674,-0.307088,-0.573523,-0.368859,-0.675457,-0.210585,-0.689802,-0.611294,-0.0398577,-0.755282,0.284864,-0.0561548,0.888223,0.311537,-0.708344,0.243602,0.117808,-0.733587,0.0991301,0.195382,-0.250926,0.692718
112.74,0,,16.9077,6.91501,1.03443,-2.67011,0.252343,-6.60146,21.4573,1.30887,12.7653,2.96176,0.723594,-6.49949,-4.47472,5.2189,8.02638,8.02638,4.06776,-4.06776,-6.26083,6.26083,0.427366,-0.0187764,2.30248,-2.02096,-10.7878,5.56029,-115.246,-1.45827,45.9018,-30.7712,410.623,-54.2106,429.69,351.535,164.087,-17.0835,152.86,-7.37502,-33.1947,-115.709,-2.92772,-15.1348,13.6858,41.507,-8.37015,-1.42723,9.74534,-0.306116,-0.573167,-0.368439,-0.673937,-0.216263,-0.691456,-0.614181,-0.0322289,-0.75152,0.284683,-0.0501736,0.889757,0.311243,-0.708309,0.244465,0.120244,-0.73398,0.0996137,0.194651,-0.25166,0.692539
112.75,0,,18.3093,7.1199,0.877688,-2.71947,0.052399,-6.69419,23.9961,1.47633,14.2402,3.10557,1.62712,-6.57685,-3.27985,5.48323,8.14282,8.14282,4.04088,-4.04088,-6.21473,6.21473,0.13708,-0.0422468,1.20606,-2.11348,-9.76711,5.69758,-106.459,18.0583,18.5495,102.518,361.829,-30.7713,538.107,241.676,50.2864,-429.144,116.675,511.281,-32.2351,-130.854,-27.8265,-6.82749,75.6807,16.1114,20.0568,2.98421,-13.2178,-0.305258,-0.572794,-0.367762,-0.672648,-0.221083,-0.693279,-0.617448,-0.0241095,-0.747395,0.288837,-0.039187,0.891536,0.311475,-0.708159,0.245677,0.12257,-0.734379,0.100107,0.194167,-0.252459,0.692371
112.76,0,,19.7536,7.32983,0.718151,-2.80651,-0.053778,-6.79134,26.6158,1.65922,14.8073,3.26777,3.16582,-6.68312,-2.01715,5.75756,8.25459,8.25459,3.98943,-3.98943,-6.17012,6.17012,0.790225,-0.0821466,-0.433085,-2.18531,-8.54178,5.8393,-109.853,19.0548,11.725,227.061,271.964,-53.233,625.998,181.612,-6.83239,-217.815,552.273,447.792,-2.45228,-101.549,-62.5108,30.7741,107.905,-30.766,4.89575,17.1268,-7.281,-0.304518,-0.572413,-0.366898,-0.671402,-0.224859,-0.695451,-0.620765,-0.0163584,-0.742842,0.302501,-0.027894,0.8909,0.312157,-0.707877,0.247455,0.125008,-0.734787,0.100653,0.193617,-0.253069,0.692247
112.77,0,,21.2041,7.51085,0.607916,-2.93547,-0.0799775,-6.8561,29.2448,1.8377,14.2658,3.44511,4.40769,-6.76594,-1.062,6.013,8.33831,8.33831,3.90628,-3.90628,-6.12104,6.12104,2.55613,-0.14317,-1.59529,-2.27175,-7.48293,5.98545,-82.9988,11.7148,-13.177,317.396,182.62,-19.04,574.729,197.287,-66.9028,-285.2,402.346,847.646,0,-76.1792,-102.549,49.8104,110.359,-62.9889,14.2135,0,1.4562,-0.304039,-0.572126,-0.365812,-0.669846,-0.227677,-0.698168,-0.623566,-0.00915573,-0.738379,0.321185,-0.0246596,0.888478,0.313373,-0.707439,0.249771,0.127201,-0.735191,0.101077,0.192818,-0.253795,0.692106
112.78,0,,22.6913,7.64661,0.521869,-3.07399,-0.103419,-6.90467,31.8899,1.98974,12.5456,3.6138,5.00594,-6.81986,-0.621592,6.24291,8.40023,8.40023,3.81876,-3.81876,-6.06453,6.06453,5.47513,-0.20654,-1.94066,-2.37158,-6.86618,6.1161,-61.0446,28.3148,-32.7066,305.16,94.2234,31.2601,494.162,338.36,-78.5998,187.444,186.503,935.505,-14.1451,-18.0609,-139.66,31.7495,116.684,-93.2693,-1.89513,-34.1238,-8.28914,-0.303723,-0.571923,-0.364761,-0.66781,-0.230111,-0.701319,-0.625959,-0.00207534,-0.734182,0.343645,-0.0328995,0.883771,0.314967,-0.706906,0.252218,0.129096,-0.735572,0.101384,0.191963,-0.254648,0.69192
112.79,0,,24.2167,7.74968,0.45117,-3.26453,-0.180639,-6.91056,34.549,2.11093,10.5276,3.75437,5.58574,-6.89799,-0.191402,6.42949,8.4493,8.4493,3.72688,-3.72688,-6.01099,6.01099,8.66022,-0.255828,-2.21476,-2.43611,-6.2849,6.24453,-34.1905,42.4843,-51.7643,201.184,-1.94226,20.9952,448.227,429.707,-86.4161,375.046,-281.76,581.985,-76.163,19.0448,-146.966,11.7043,112.322,-96.1831,-3.4744,-39.5733,4.92868,-0.303422,-0.571808,-0.363606,-0.665266,-0.232559,-0.704697,-0.628018,0.00506614,-0.730257,0.367142,-0.0429095,0.878027,0.316914,-0.706524,0.254654,0.130686,-0.735958,0.10157,0.191298,-0.255206,0.691761
112.8,0,,25.7314,7.79871,0.360471,-3.53732,-0.449529,-6.90909,37.2057,2.18365,9.57012,3.85061,7.00909,-6.9816,0.941214,6.58943,8.48512,8.48512,3.62834,-3.62834,-5.95448,5.95448,10.7406,-0.288687,-3.40438,-2.47628,-5.2315,6.34639,-51.272,56.1435,-77.1564,129.385,-34.2028,6.35444,348.129,403.289,-101.557,678.753,79.6086,570.281,-108.398,17.569,-111.333,19.5407,120.119,-109.381,-9.79149,-27.8959,-12.6577,-0.303233,-0.571735,-0.362439,-0.662507,-0.235424,-0.707798,-0.629906,0.0133672,-0.726773,0.386924,-0.04114,0.87389,0.319237,-0.706473,0.256855,0.132031,-0.736331,0.101815,0.190869,-0.255571,0.691635
112.81,0,,27.2262,7.75597,0.233492,-3.86372,-0.948699,-6.91203,39.874,2.18145,9.57523,3.8917,7.9849,-7.06677,2.75303,6.71826,8.49759,8.49759,3.53279,-3.53279,-5.895,5.895,11.8292,-0.283993,-4.24862,-2.50185,-3.7824,6.40618,-69.339,65.9139,-90.8234,128.916,-98.629,-9.77606,233.382,245.595,-101.065,268.591,644.008,461.901,-52.2443,6.35998,-98.1446,54.1827,170.881,-73.7299,7.26466,-13.2343,8.7372,-0.303186,-0.571762,-0.361357,-0.659568,-0.23951,-0.71029,-0.632031,0.0230717,-0.723524,0.397616,-0.0368683,0.87379,0.322092,-0.706624,0.258674,0.133129,-0.736697,0.10206,0.190807,-0.255814,0.691509
112.82,0,,28.666,7.63655,0.144188,-4.17738,-1.6878,-6.88554,42.4845,2.11975,9.72776,3.90359,8.52625,-7.13944,4.79341,6.80156,8.46877,8.46877,3.44228,-3.44228,-5.83551,5.83551,12.7242,-0.276952,-4.73104,-2.52133,-2.34149,6.44825,-59.5664,70.7991,-100.098,142.089,-160.639,-4.39923,135.725,36.6196,-122.546,-66.9104,617.211,662.629,8.31644,24.9128,-56.1542,70.7974,208.013,-53.2192,14.2135,2.98421,-1.90426,-0.303234,-0.572043,-0.360243,-0.656063,-0.245139,-0.712404,-0.634727,0.0335705,-0.720301,0.40499,-0.0343647,0.874743,0.325152,-0.706704,0.260268,0.133852,-0.737072,0.102235,0.190806,-0.255996,0.691444
112.83,0,,29.9942,7.43794,0.110234,-4.43638,-2.50688,-6.86052,44.9007,2.00957,9.82264,3.89386,9.14758,-7.19179,6.91091,6.83821,8.39984,8.39984,3.36534,-3.36534,-5.77305,5.77305,13.5628,-0.267563,-5.356,-2.52742,-0.884197,6.44604,35.1486,41.9982,-102.058,126.469,-153.344,24.4169,36.6213,-178.707,-168.459,-56.6287,1040.98,637.137,6.82375,52.2502,3.90363,44.4291,182.114,-31.7373,8.84393,1.03799,-3.92054,-0.303494,-0.5725,-0.359346,-0.652178,-0.251899,-0.714131,-0.637649,0.0437022,-0.717241,0.412304,-0.0308236,0.87539,0.328025,-0.706713,0.261309,0.134164,-0.737354,0.102302,0.19087,-0.25606,0.691394
112.84,0,,31.1436,7.18653,0.0246515,-4.62426,-3.2446,-6.82077,47.0303,1.87516,10.3065,3.88197,9.3352,-7.23946,8.8686,6.83044,8.28808,8.28808,3.31434,-3.31434,-5.70911,5.70911,13.8934,-0.267563,-5.65204,-2.52742,0.422996,6.41504,150.887,52.7408,-104.981,84.4515,-118.146,36.1249,-47.3817,-376.939,-175.784,-428.195,1319.8,280.732,8.77847,84.4718,56.629,47.8597,110.849,-28.7949,7.26466,-1.94623,-11.2015,-0.303847,-0.573208,-0.358659,-0.648783,-0.258561,-0.715194,-0.640562,0.0526782,-0.71436,0.414692,-0.0277112,0.877421,0.330463,-0.706706,0.261856,0.134163,-0.73765,0.102178,0.19087,-0.25606,0.691394
112.85,0,,32.1967,6.94769,-0.137677,-4.74633,-3.70241,-6.7987,48.9193,1.72973,10.5401,3.87007,9.10682,-7.26837,10.1982,6.79267,8.195,8.195,3.29068,-3.29068,-5.64516,5.64516,14.3772,-0.274604,-5.58077,-2.52863,1.32357,6.34196,165.039,52.2547,-139.647,85.9614,-86.407,-6.84324,-82.511,-487.271,-153.319,-324.27,1200.19,675.295,35.647,102.041,80.0771,68.3758,36.1501,-57.6184,-3.00062,-1.94623,-3.47248,-0.30421,-0.57375,-0.358411,-0.646089,-0.2646,-0.715672,-0.643409,0.0597569,-0.711407,0.416703,-0.0289928,0.878573,0.332291,-0.70676,0.261792,0.133918,-0.737892,0.101934,0.190812,-0.256063,0.691402
112.86,0,,33.2177,6.72142,-0.316284,-4.81161,-3.78238,-6.80164,50.6049,1.5821,10.5182,3.87764,8.83153,-7.28399,10.7083,6.74492,8.12763,8.12763,3.28563,-3.28563,-5.57824,5.57824,15.0062,-0.28634,-5.49306,-2.52863,1.73019,6.2401,172.841,49.8,-124.51,104.966,-23.923,-15.6184,-81.0642,-497.068,-152.335,-275.867,1048.8,518.977,45.8826,138.655,103.024,6.35663,-19.0292,-44.9349,0.947564,-5.31968,6.83294,-0.304588,-0.574077,-0.358547,-0.643637,-0.269845,-0.716088,-0.645979,0.0642133,-0.708422,0.419954,-0.032168,0.877996,0.333515,-0.706889,0.261062,0.133617,-0.738035,0.101571,0.190686,-0.256059,0.691391
112.87,0,,34.2464,6.54166,-0.494426,-4.82541,-3.58933,-6.78398,52.1056,1.44548,11.4122,3.88629,8.161,-7.30665,10.9034,6.66162,8.10271,8.10271,3.30538,-3.30538,-5.50834,5.50834,14.5869,-0.295728,-5.17509,-2.52133,2.00582,6.12274,160.167,56.1435,-111.823,140.631,59.5469,4.39923,-150.871,-415.991,-172.34,-932.159,1030.32,259.248,60.5608,160.159,120.116,3.90142,-63.4671,-37.5934,3.94818,-6.87666,19.4907,-0.30476,-0.57418,-0.358962,-0.641168,-0.274193,-0.716736,-0.648044,0.0664708,-0.705725,0.4156,-0.0324716,0.880152,0.33395,-0.70721,0.259603,0.133182,-0.738176,0.100955,0.190623,-0.255995,0.691382
112.88,0,,35.2964,6.41973,-0.6228,-4.79675,-3.17979,-6.75748,53.3935,1.32649,12.3836,3.89062,7.19134,-7.32541,10.5225,6.54611,8.12218,8.12218,3.338,-3.338,-5.43845,5.43845,13.9257,-0.291034,-4.59399,-2.50794,1.90485,5.98323,114.26,44.9148,-76.6663,157.709,105.451,20.0176,-237.813,-250.459,-204.589,-1162.63,740.243,323.218,42.9683,136.23,133.304,-16.1102,-103.488,-14.1689,-10.7391,-12.1963,5.37674,-0.304824,-0.574002,-0.359636,0.638424,0.277674,0.717837,-0.649688,0.0664703,-0.703462,0.408849,-0.0342437,0.8824,0.333386,-0.707789,0.257333,0.132636,-0.738258,0.100164,0.190688,-0.255878,0.691396
112.89,0,,36.3434,6.33174,-0.700941,-4.75323,-2.54825,-6.72657,54.4386,1.23395,12.9849,3.8971,6.3747,-7.34416,9.63885,6.40506,8.16385,8.16385,3.36993,-3.36993,-5.36706,5.36706,13.4096,-0.279299,-4.13898,-2.50063,1.52551,5.81716,74.7044,28.3148,-33.6867,150.367,99.6238,55.6537,-231.935,-63.5101,-172.34,-1013.15,401.857,250.911,42.0087,89.356,104.501,-14.664,-142.583,-29.7948,-7.26466,-4.93044,-1.90426,-0.304942,-0.573629,-0.360486,0.635473,0.280595,0.719218,-0.65085,0.0640291,-0.701756,0.403756,-0.0364388,0.883258,0.331804,-0.708716,0.254225,0.132022,-0.738361,0.0991236,0.190808,-0.255815,0.69139
112.9,0,,37.3598,6.27266,-0.771175,-4.6975,-1.78846,-6.70155,55.2155,1.19429,13.4863,3.92846,5.79259,-7.3801,8.61123,6.24957,8.20825,8.20825,3.40553,-3.40553,-5.29271,5.29271,12.7484,-0.265216,-3.90325,-2.48724,1.11616,5.62893,33.205,14.1695,-14.1571,139.173,60.068,69.829,-159.19,107.427,-91.3354,-1001.92,197.75,144.454,54.199,13.1768,71.294,-20.5161,-185.058,-31.7373,1.89513,-7.26591,16.1302,-0.305077,-0.573225,-0.361417,0.632532,0.283336,0.720548,-0.651536,0.0595746,-0.700795,0.398705,-0.0364401,0.883901,0.329362,-0.709935,0.250562,0.131597,-0.738431,0.097904,0.19099,-0.255691,0.691447
112.91,0,,38.309,6.22489,-0.826525,-4.6301,-1.08383,-6.66181,55.7427,1.22073,14.0337,4.00199,5.5273,-7.40354,7.72855,6.09741,8.23512,8.23512,3.43746,-3.43746,-5.21835,5.21835,11.8372,-0.253481,-3.98,-2.48602,0.805056,5.454,6.84357,-11.2287,-8.78468,105.955,-17.1014,56.1425,-123.518,199.719,-7.32432,-1044.94,135.745,74.7121,62.0179,-65.9189,33.682,-10.258,-166.519,-44.4207,-1.89513,-7.7849,-11.7616,-0.305264,-0.572928,-0.362276,0.629612,0.285721,0.721902,-0.65189,0.0541411,-0.70066,0.393277,-0.0328392,0.884766,0.326312,-0.711283,0.246657,0.131355,-0.738385,0.0964411,0.191108,-0.255685,0.691431
112.92,0,,39.2184,6.20352,-0.861874,-4.55102,-0.548811,-6.6206,56.0826,1.32209,14.5635,4.11013,5.57805,-7.44027,7.14784,5.92415,8.24874,8.24874,3.46273,-3.46273,-5.14399,5.14399,10.7729,-0.241746,-4.36374,-2.47506,0.649503,5.25471,9.27988,1.94436,-28.8043,53.7324,-94.7445,-9.77606,-184.553,160.667,41.4863,-872.999,252.909,212.914,37.6017,-136.23,0.975907,-26.3682,-142.092,-56.6472,-13.7397,-12.1963,13.2178,-0.305612,-0.57265,-0.36317,0.626659,0.287541,0.723401,-0.652136,0.0485867,-0.701333,0.388137,-0.026063,0.885654,0.322964,-0.712583,0.243001,0.131232,-0.738255,0.094731,0.191239,-0.255575,0.691464
112.93,0,,40.0545,6.20352,-0.88606,-4.45973,-0.168229,-6.56761,56.1866,1.47853,15.0832,4.23123,5.74415,-7.47465,6.87746,5.72202,8.24368,8.24368,3.48983,-3.48983,-5.06964,5.06964,9.53914,-0.232358,-4.9284,-2.47385,0.660419,5.0377,-4.87262,13.6835,-55.1765,-0.468596,-128.426,-62.0081,-231.438,92.7653,55.643,-762.747,292.029,201.691,-3.41187,-193.856,-24.8988,-39.0479,-108.396,-43.4495,0,-5.83868,8.7372,-0.306114,-0.57243,-0.364163,0.623818,0.288898,0.724899,-0.652611,0.0427261,-0.7026,0.382581,-0.0170294,0.886808,0.319538,-0.713787,0.239821,0.131052,-0.73815,0.0927189,0.191349,-0.255559,0.691479
112.94,0,,40.837,6.2186,-0.910712,-4.37694,0.0868721,-6.49107,56.0525,1.68126,15.6108,4.35342,5.95946,-7.53169,6.8756,5.4799,8.23823,8.23823,3.51579,-3.51579,-4.99528,4.99528,8.12802,-0.192458,-5.60818,-2.47263,0.813243,4.79854,0,30.7695,-65.4314,-38.5811,-104.977,-53.233,-245.137,44.93,39.0813,-715.767,357.456,215.799,-14.1451,-218.734,-29.3036,-24.4175,-135.767,-33.1942,7.73844,-10.2501,2.46434,-0.306663,-0.572186,-0.365201,0.621131,0.289812,0.726362,-0.6533,0.0363182,-0.70439,0.376236,-0.00598169,0.888281,0.316238,-0.714939,0.23695,0.13093,-0.738092,0.0902777,0.191716,-0.255561,0.691485
112.95,0,,41.5936,6.25757,-0.943736,-4.30476,0.226143,-6.41306,55.7149,1.92143,16.1181,4.50697,6.13632,-7.58717,7.03541,5.25111,8.24096,8.24096,3.54933,-3.54933,-4.92092,4.92092,6.57983,-0.164293,-6.3044,-2.47141,1.01792,4.57489,-5.85809,21.9713,-70.8038,-67.8944,-91.2863,-37.1025,-238.265,28.7822,25.4165,-635.728,427.285,247.544,-28.3257,-268.068,-56.629,-15.6393,-191.383,-22.9388,4.89575,-14.1426,-21.507,-0.307138,-0.571916,-0.366283,0.61852,0.290307,0.727843,-0.654132,0.0294198,-0.706624,0.369036,0.00598174,0.889875,0.31319,-0.716045,0.234511,0.130929,-0.737965,0.0877744,0.191967,-0.25557,0.691449
112.96,0,,42.3166,6.31791,-1.00327,-4.25434,0.329562,-6.40864,55.1692,2.19246,16.5749,4.69188,6.23321,-7.66531,7.19058,5.07007,8.25342,8.25342,3.5886,-3.5886,-4.84657,4.84657,4.91874,-0.152558,-6.96774,-2.4495,1.17347,4.32688,-9.77261,-12.687,-94.7257,-82.525,-57.6046,-35.6361,-233.382,22.4312,2.45966,-577.201,419.95,249.949,-24.4162,-276.852,-68.841,0,-205.559,-54.1905,-15.6348,-13.6236,1.4562,-0.307632,-0.57156,-0.36751,0.616192,0.290547,0.729115,-0.654942,0.0217907,-0.709266,0.360968,0.0180667,0.891312,0.310623,-0.717075,0.232677,0.13135,-0.737744,0.0855727,0.192145,-0.255379,0.691488
112.97,0,,43.0074,6.36693,-1.07444,-4.23311,0.426087,-6.49696,54.4686,2.48993,16.9785,4.8876,6.28242,-7.73329,7.24633,4.98233,8.25303,8.25303,3.62237,-3.62237,-4.77221,4.77221,3.16896,-0.124393,-7.57625,-2.44098,1.23351,4.07887,-19.0525,-28.8009,-91.3135,-81.5357,-23.4493,-56.1425,-200.197,28.3093,-17.1083,-523.42,357.456,224.617,-29.2853,-256.824,-75.1976,-6.35663,-144.055,-56.1615,-3.4744,-14.1426,9.29728,-0.308237,-0.571246,-0.368725,0.614,0.290733,0.730219,-0.655427,0.0134284,-0.712315,0.352135,0.0299092,0.892454,0.308487,-0.718054,0.231274,0.132393,-0.737409,0.0838062,0.192398,-0.255331,0.691462
112.98,0,,43.6738,6.43481,-1.17397,-4.2347,0.547432,-6.6309,53.6316,2.81825,17.3252,5.09305,6.29242,-7.80674,7.17943,4.93013,8.26237,8.26237,3.65154,-3.65154,-4.69785,4.69785,1.37886,-0.0868407,-8.15187,-2.43124,1.19803,3.81536,-37.5849,-27.8287,-114.255,-88.3564,-15.1591,-28.8161,-162.128,0,-46.4056,-474.542,264.156,202.172,-60.0632,-224.11,-60.0578,-16.1102,-38.5492,-13.6833,-0.947564,-8.82289,-26.8837,-0.308863,-0.570848,-0.369964,0.612101,0.290791,0.731066,-0.655698,0.00439492,-0.715518,0.342854,0.0414452,0.893177,0.306841,-0.718913,0.230482,0.133799,-0.736996,0.0822208,0.192762,-0.255266,0.691452
112.99,0,,44.3188,6.48887,-1.27258,-4.27875,0.667398,-6.72069,52.6975,3.15098,17.5938,5.31148,6.35855,-7.88097,6.97409,4.84572,8.26237,8.26237,3.67382,-3.67382,-4.62201,4.62201,-0.427366,-0.0586762,-8.73845,-2.41298,1.04521,3.56293,-57.1301,-19.5408,-104,-82.9936,-41.9718,5.86563,-117.686,-41.0113,-56.1349,-375.046,162.151,231.992,-48.3349,-181.628,-27.8265,-22.9377,9.75998,-20.025,-7.26466,1.03799,8.28914,-0.309517,-0.57051,-0.371103,0.610203,0.290849,0.731853,-0.655494,-0.00518829,-0.718975,0.333514,0.0527983,0.893298,0.305686,-0.719778,0.230058,0.135017,-0.736553,0.0803878,0.193062,-0.255137,0.691432
113,0,,44.8798,6.51401,-1.39072,-4.33766,0.784607,-6.74424,51.6084,3.49472,17.7864,5.53856,6.52234,-7.97082,6.68885,4.71467,8.23434,8.23434,3.69495,-3.69495,-4.54617,4.54617,-2.26585,-0.0281646,-9.37438,-2.39593,0.826888,3.33042,-47.3575,-10.7426,-116.706,-96.1664,-82.5224,2.44401,-82.511,-61.0102,-75.211,-269.54,86.9436,231.511,-17.0949,-145.998,3.42886,-3.90142,17.0663,-45.4206,3.4744,11.6774,14.674,-0.310135,-0.570403,-0.372028,0.608509,0.290673,0.732542,-0.654694,-0.0154426,-0.722751,0.324108,0.0643943,0.892914,0.304949,-0.720561,0.229993,0.136118,-0.736197,0.0781915,0.193369,-0.255018,0.691441
113.01,0,,45.4025,6.54418,-1.52793,-4.38012,0.910089,-6.67653,50.4015,3.84287,17.955,5.78726,6.81685,-8.03099,6.33577,4.53252,8.20513,8.20513,3.71953,-3.71953,-4.47478,4.47478,-4.1769,-0.0164293,-10.0706,-2.39593,0.564904,3.14441,-36.6268,1.45827,-132.333,-111.318,-123.026,-10.2649,-111.808,-93.2382,-88.8757,-182.066,37.5549,219.647,35.1494,-103.517,35.6338,27.3436,35.1686,16.1114,-9.79149,-5.31968,8.28914,-0.310563,-0.570402,-0.37276,0.606924,0.29043,0.733155,-0.653226,-0.0263683,-0.726777,0.314472,0.0766036,0.892081,0.304274,-0.721224,0.230052,0.136905,-0.735798,0.0756246,0.193494,-0.255022,0.691452
113.02,0,,45.8412,6.53789,-1.66561,-4.40825,1.05901,-6.52639,49.0743,4.18882,18.093,6.01975,7.25285,-8.08334,5.91673,4.28263,8.14555,8.14555,3.73768,-3.73768,-4.40489,4.40489,-6.13634,0.0117352,-10.8436,-2.40689,0.281087,2.97169,8.2944,36.6269,-111.823,-139.173,-146.996,-2.44401,-139.161,-99.5892,-76.1948,-88.423,9.29093,262.775,21.5019,-31.2377,72.2699,13.6886,-29.7707,17.5683,-7.26466,1.94623,3.92054,-0.311058,-0.570599,-0.373319,0.605506,0.290057,0.733687,-0.651098,-0.0379049,-0.730997,0.304759,0.0893586,0.890717,0.303533,-0.721815,0.229985,0.137337,-0.735458,0.0725752,0.193731,-0.255134,0.691425
113.03,0,,46.2263,6.53035,-1.82421,-4.41887,1.21759,-6.32769,47.6476,4.55459,18.2287,6.25656,7.77882,-8.1482,5.48376,3.98275,8.07935,8.07935,3.73309,-3.73309,-4.33797,4.33797,-8.16028,0.0539821,-11.6604,-2.39228,0.016374,2.79454,41.0067,70.313,-115.235,-157.709,-160.166,3.42162,-146.485,-72.2934,-49.7945,-12.1799,15.6479,211.471,2.91431,21.9613,88.3855,-24.4175,-50.7628,0,4.89575,6.87666,-2.46434,-0.311601,-0.570832,-0.373616,0.6044,0.289626,0.733984,-0.648468,-0.0499291,-0.735264,0.294761,0.102608,0.888983,0.302388,-0.722337,0.229629,0.1377,-0.735011,0.0692773,0.194163,-0.255018,0.691503
113.04,0,,46.5519,6.50521,-1.96003,-4.43532,1.38168,-6.15989,46.1424,4.91156,18.3725,6.52473,8.30326,-8.21852,5.06936,3.69399,8.00808,8.00808,3.70139,-3.70139,-4.26659,4.26659,-10.2165,0.0633703,-12.4553,-2.3935,-0.182843,2.59746,29.7832,78.6252,-129.393,-185.564,-162.582,-5.37683,-128.898,-34.1873,-9.78398,29.738,32.7628,189.987,33.6923,34.6812,102.549,5.85213,-130.369,25.3955,-7.26466,6.87666,-15.1221,-0.312454,-0.57095,-0.373919,0.603612,0.289384,0.73399,-0.645552,-0.062138,-0.739431,0.28432,0.115852,0.88702,0.300797,-0.722938,0.228772,0.138132,-0.73467,0.0659225,0.194287,-0.255021,0.691573
113.05,0,,46.8377,6.49515,-2.07445,-4.46822,1.54164,-6.04508,44.5562,5.28835,18.4564,6.82642,8.80308,-8.28884,4.64846,3.42966,7.95512,7.95512,3.64924,-3.64924,-4.19967,4.19967,-12.2404,0.0610232,-13.1899,-2.40445,-0.360229,2.38045,14.6452,76.6565,-125.49,-197.748,-113.267,-17.5736,-147.48,-27.8363,-6.34046,91.7448,20.5379,143.492,33.6923,15.6364,104.976,38.0725,-154.797,-42.4782,-10.7391,-1.03799,4.3686,-0.313495,-0.570834,-0.374289,0.603172,0.289439,0.73367,-0.642316,-0.0744679,-0.743519,0.273756,0.128424,0.884809,0.29866,-0.72373,0.227367,0.138861,-0.734286,0.0626249,0.194283,-0.255077,0.69168
113.06,0,,47.0379,6.46498,-2.16655,-4.49317,1.66574,-5.97738,42.8822,5.70261,18.4447,7.16163,9.26215,-8.34276,4.27309,3.19309,7.88269,7.88269,3.57735,-3.57735,-4.13423,4.13423,-14.1918,0.0633703,-13.8478,-2.4215,-0.496679,2.14351,12.2089,94.7148,-113.275,-204.568,-43.4403,-18.5512,-155.256,-22.9717,11.2051,151.379,-18.5819,111.748,57.6109,8.29257,86.9085,30.2697,-109.868,-33.1942,-11.6866,-16.0888,21.955,-0.314836,-0.570709,-0.374653,0.603122,0.289811,0.733012,-0.638782,-0.0867376,-0.747555,0.263325,0.140147,0.882449,0.295976,-0.724589,0.225477,0.139895,-0.733718,0.0593273,0.194284,-0.2552,0.691745
113.07,0,,47.2168,6.46247,-2.20469,-4.52183,1.74434,-5.92586,41.148,6.12788,18.3301,7.50874,9.66047,-8.38964,3.9609,2.93209,7.83479,7.83479,3.48662,-3.48662,-4.07326,4.07326,-16.0545,0.0539821,-14.4398,-2.44219,-0.584007,1.86893,-17.0815,102.541,-116.216,-198.737,20.9859,-11.708,-156.748,-36.6196,6.83239,202.629,-28.3618,85.935,62.9775,-9.76837,64.9374,42.9829,-34.6779,-7.79863,-3.00062,-15.5698,1.00814,-0.316369,-0.570294,-0.37515,0.603179,0.290175,0.732336,-0.635127,-0.0988857,-0.751409,0.253183,0.151068,0.879976,0.292685,-0.725578,0.2231,0.140875,-0.733124,0.0559105,0.194226,-0.255326,0.691878
113.08,0,,47.336,6.45241,-2.2219,-4.52607,1.79536,-5.86404,39.3676,6.57298,18.093,7.80826,9.96421,-8.4545,3.71375,2.61667,7.7643,7.7643,3.39359,-3.39359,-4.01229,4.01229,-17.8042,0.0891878,-14.9003,-2.43732,-0.622213,1.54563,-60.5519,95.2252,-99.1181,-197.748,53.7201,6.84324,-143.547,-50.2676,12.189,239.327,-44.8899,63.4893,36.1445,-50.2825,57.1301,4.40592,79.6065,35.6509,7.73844,-6.35767,-2.9124,-0.318133,-0.569916,-0.375753,0.603366,0.290299,0.731669,-0.631244,-0.110843,-0.755149,0.243301,0.160776,0.877616,0.288764,-0.726641,0.220342,0.14161,-0.732525,0.0522491,0.194596,-0.25527,0.692012
113.09,0,,47.3803,6.3971,-2.22794,-4.52289,1.80777,-5.76101,37.5572,7.00707,17.7492,8.08617,10.1695,-8.55842,3.56788,2.21573,7.66227,7.66227,3.30378,-3.30378,-3.95429,3.95429,-19.425,0.138476,-15.2512,-2.40811,-0.594923,1.17583,-65.9172,95.7113,-94.2357,-180.201,66.8896,44.9233,-120.127,-74.7257,-6.83239,282.669,-81.5646,45.8534,6.36172,-107.417,25.4,-12.2088,48.8544,-5.85611,14.2135,-10.2501,-3.47248,-0.320081,-0.569664,-0.376419,0.603662,0.289929,0.731109,-0.627232,-0.122443,-0.758709,0.233777,0.169443,0.875474,0.284625,-0.727768,0.217238,0.14204,-0.73205,0.0480994,0.195201,-0.255018,0.692237
113.1,0,,47.3391,6.29654,-2.22329,-4.52183,1.80225,-5.65503,35.719,7.43454,17.2785,8.34568,10.3102,-8.70219,3.47404,1.78591,7.51546,7.51546,3.20271,-3.20271,-3.90075,3.90075,-20.9087,0.192458,-15.5198,-2.34358,-0.526698,0.783888,-76.648,87.3991,-122.55,-157.709,73.7112,56.1425,-83.5056,-99.1163,-29.7892,322.689,-115.208,-0.961959,-22.9591,-180.68,-20.5204,-3.43056,-24.9179,-0.971258,29.8483,-6.35767,-24.4194,-0.32228,-0.569605,-0.376969,0.604051,0.288902,0.730709,-0.623133,-0.133855,-0.761994,0.224927,0.177134,0.873462,0.280286,-0.728914,0.213938,0.142347,-0.731635,0.0438883,0.19593,-0.254465,0.69253
113.11,0,,47.2321,6.14569,-2.19678,-4.52289,1.82018,-5.59763,33.8715,7.84659,16.7063,8.6344,10.4233,-8.85534,3.41364,1.40163,7.3375,7.3375,3.11611,-3.11611,-3.84721,3.84721,-22.2634,0.222969,-15.7062,-2.27906,-0.41208,0.394158,-77.1407,65.9139,-142.098,-144.067,79.5854,52.2553,-55.6554,-127.426,-36.6216,329.648,-158.239,-27.4158,-53.2394,-220.702,-50.2988,2.92607,-33.2057,-48.3343,7.73844,-12.7153,-21.955,-0.324612,-0.569689,-0.377656,0.604417,0.287376,0.730525,-0.61879,-0.145084,-0.765095,0.216683,0.183967,0.871614,0.275959,-0.730153,0.210403,0.14283,-0.731242,0.0397971,0.196425,-0.253924,0.692737
113.12,0,,47.1083,5.97348,-2.16096,-4.52607,1.88637,-5.57702,32.068,8.2322,16.0188,8.9296,10.5832,-9.03193,3.34489,1.03067,7.15875,7.15875,3.04077,-3.04077,-3.79665,3.79665,-23.4406,0.239399,-15.8707,-2.17923,-0.2729,-0.0110719,-63.9737,51.7687,-140.628,-140.631,61.0154,37.5913,-57.1473,-150.397,-54.2219,399.406,-194.816,22.9267,-62.5155,-198.249,-65.4385,13.6886,18.0478,-29.3091,-1.89513,-27.8959,-7.84108,-0.326987,-0.56974,-0.378504,0.60476,0.285411,0.730497,-0.614226,-0.156074,-0.76798,0.209606,0.190012,0.869735,0.272049,-0.731304,0.207043,0.143316,-0.730803,0.0358901,0.196853,-0.25307,0.692983
113.13,0,,46.9707,5.77109,-2.10561,-4.55686,2.03115,-5.57113,30.3176,8.59357,15.2233,9.17939,10.827,-9.23353,3.21202,0.626401,6.96832,6.96832,2.96589,-2.96589,-3.74609,3.74609,-24.4647,0.281646,-16.0516,-2.04287,-0.130992,-0.467233,-40.0486,39.5435,-141.118,-157.709,35.6239,21.484,-69.3544,-162.086,-63.4592,595.708,20.5379,-158.242,-64.4702,-154.783,-39.5638,-8.7782,14.1765,-27.8237,4.89575,-24.9117,-2.9124,-0.329486,-0.569795,-0.379416,0.605017,0.283281,0.730574,-0.609526,-0.167061,-0.770544,0.203808,0.195507,0.867665,0.268876,-0.732345,0.204175,0.143686,-0.730335,0.0320456,0.197647,-0.251911,0.69335
113.14,0,,46.7842,5.48826,-2.06329,-4.59507,2.20628,-5.54758,28.6228,8.90647,14.0899,9.39133,11.11,-9.46716,3.1795,0.199915,6.73584,6.73584,2.89445,-2.89445,-3.78773,3.78773,-25.0695,0.34971,-16.238,-1.87243,0.02729,-0.843676,-20.9961,34.6583,-151.862,-168.955,20.0385,35.1472,-69.8066,-109.386,-47.8267,87.9484,-841.759,1372.56,-71.7915,-113.285,-26.3759,-24.4175,5.39798,14.1689,13.108,-16.0888,-20.9469,-0.332118,-0.570052,-0.380156,0.605382,0.281083,0.730573,-0.604639,-0.177803,-0.77292,0.200816,0.199473,0.866073,0.266495,-0.733137,0.201611,0.143929,-0.729898,0.0281387,0.198745,-0.250507,0.693716
113.15,0,,46.5886,5.18908,-2.04701,-4.64602,2.39519,-5.53581,27.0366,9.18631,12.7959,9.62057,10.118,-9.71173,1.92981,-0.176592,6.50452,6.50452,2.81773,-2.81773,-3.82937,3.82937,-25.513,0.394304,-15.1361,-1.68981,-1.03702,-1.17362,-13.1944,37.113,-180.667,-166.039,13.1695,46.3897,20.0287,-17.5666,7.32432,1196.32,-389.632,-823.276,-61.5204,-103.025,-14.6386,10.7289,7.30635,0.485629,-5.36953,-35.6808,-37.6372,-0.334741,-0.570293,-0.380826,0.605914,0.278817,0.730429,-0.60002,-0.18788,-0.774898,0.192569,0.189761,0.86653,0.264476,-0.733855,0.199166,0.144174,-0.729476,0.0244156,0.199589,-0.249029,0.693923
113.16,0,,46.3945,4.89116,-2.0698,-4.70228,2.58134,-5.52403,25.5499,9.41547,11.8931,9.88658,10.8577,-9.95708,1.75978,-0.470911,6.31098,6.31098,2.74193,-2.74193,-3.86952,3.86952,-26.1016,0.406039,-15.8049,-1.5072,-1.00427,-1.40834,13.1944,34.1722,-187.981,-140.162,20.9859,69.3402,103.534,27.3634,40.0651,949.717,-349.144,-385.265,-1.45715,-112.793,-27.8265,83.9815,15.158,-34.6796,-23.3732,-10.2501,-19.0426,-0.337062,-0.570418,-0.381377,0.606728,0.276568,0.730088,-0.595783,-0.197211,-0.776453,0.191904,0.195871,0.863017,0.263016,-0.734419,0.196789,0.144542,-0.729057,0.0209366,0.200025,-0.247575,0.693893
113.17,0,,46.2202,4.59576,-2.10515,-4.77233,2.72337,-5.56083,24.1857,9.61599,12.2172,10.1245,11.5883,-10.1759,2.2578,-0.715252,6.14586,6.14586,2.65786,-2.65786,-3.90967,3.90967,-27.7304,0.441245,-16.4463,-1.34649,-0.24561,-1.64085,8.2944,20.513,-157.707,-110.328,19.5174,48.8337,51.7672,-43.9166,49.3025,462.837,135.256,-93.31,36.6066,-103.025,-45.4192,110.854,79.1158,-30.766,-19.583,19.9812,39.0934,-0.339322,-0.570359,-0.381928,0.607689,0.274424,0.729581,-0.591414,-0.20546,-0.778134,0.183965,0.209723,0.860498,0.26186,-0.734916,0.194411,0.145146,-0.728598,0.0178228,0.200633,-0.24635,0.693822
113.18,0,,46.0429,4.26893,-2.15631,-4.85566,2.80059,-5.58585,22.9486,9.79226,11.9041,10.3072,11.8351,-10.3212,2.16117,-0.95515,5.98036,5.98036,2.57517,-2.57517,-3.94983,3.94983,-28.6497,0.539821,-16.5778,-1.23936,-0.210133,-1.87336,16.5888,43.4565,-131.353,-108.871,20.5122,15.1296,-120.127,-115.737,67.8866,641.581,-81.5646,260.691,22.9591,-69.3273,-47.8458,89.3627,198.253,0,3.4744,17.516,46.3744,-0.341509,-0.570341,-0.382404,0.608739,0.272538,0.728924,-0.58736,-0.212592,-0.779688,0.178414,0.214304,0.858619,0.260882,-0.735462,0.191785,0.145762,-0.728016,0.0147105,0.201671,-0.24568,0.693642
113.19,0,,45.8549,3.89684,-2.19678,-4.96233,2.85851,-5.50637,21.7972,9.94871,11.6012,10.4943,11.7928,-10.4072,1.98463,-1.28279,5.79928,5.79928,2.46147,-2.46147,-3.98849,3.98849,-29.5044,0.638397,-16.4298,-1.15657,-0.253797,-2.08815,19.5179,74.2261,-128.412,-88.8771,32.7342,-9.28725,-215.84,-142.087,80.5676,690.459,-259.266,-491.721,3.41187,-23.4371,-42.4915,49.3059,193.346,8.31282,15.6348,-13.6236,15.1221,-0.343957,-0.570291,-0.382717,0.609896,0.27095,0.728067,-0.583576,-0.219184,-0.781032,0.171947,0.216628,0.8576,0.260027,-0.735949,0.188977,0.145637,-0.727332,0.0109258,0.202582,-0.245246,0.693319
113.2,0,,45.6669,3.4795,-2.21864,-5.08812,2.9109,-5.34152,20.7474,10.0831,11.5005,10.6997,11.7351,-10.4658,1.99207,-1.69706,5.5995,5.5995,2.33421,-2.33421,-4.03013,4.03013,-30.464,0.713502,-16.3092,-1.08231,-0.100973,-2.29409,5.85809,73.74,-152.824,-93.2506,41.0244,17.5736,-211.409,-180.193,93.2485,452.713,-188.948,-334.441,-11.7283,2.42452,-20.5204,42.9829,73.2271,-29.3091,14.2135,-12.1963,-11.7616,-0.346645,-0.570233,-0.383025,0.611048,0.269725,0.72708,-0.580343,-0.225167,-0.78201,0.165046,0.22053,0.856666,0.259226,-0.736478,0.18592,0.144848,-0.726622,0.00647026,0.203256,-0.244883,0.6929
113.21,0,,45.4881,3.01314,-2.20329,-5.23513,2.94124,-5.13251,19.8087,10.1911,11.1765,10.9528,11.5537,-10.5056,1.89079,-2.16242,5.38805,5.38805,2.18537,-2.18537,-4.07177,4.07177,-31.1252,0.751055,-16.1173,-0.993435,-0.0818701,-2.50003,22.4743,83,-147.942,-65.9159,78.5905,36.1249,-129.893,-197.287,68.3786,485.298,-218.288,-326.585,-10.2712,17.569,20.0193,42.0076,-18.5385,-51.2767,0.473782,-19.9812,-2.9124,-0.349506,-0.57016,-0.383199,0.611974,0.268509,0.726239,-0.577772,-0.230596,-0.78255,0.159925,0.222126,0.855907,0.258563,-0.73699,0.182569,0.143746,-0.725751,0.00170909,0.203629,-0.244343,0.69256
113.22,0,,45.3184,2.53043,-2.17213,-5.38055,3.01019,-4.95294,18.9485,10.2682,10.6276,11.2166,11.4537,-10.515,1.71518,-2.54448,5.1875,5.1875,2.02641,-2.02641,-4.11341,4.11341,-31.48,0.788608,-16.0351,-0.937432,-0.111889,-2.64617,40.5139,85.4547,-152.824,-55.1902,94.2234,69.3402,-5.8775,-153.775,3.44353,647.908,-236.772,-329.631,-5.36659,28.8132,29.7783,12.6796,-58.6144,-65.9312,13.108,-54.2348,12.2097,-0.352383,-0.56999,-0.38333,0.612841,0.267233,0.72546,-0.575705,-0.235788,-0.782683,0.157418,0.222729,0.854903,0.257882,-0.737452,0.1789,0.142766,-0.72488,-0.00286876,0.203812,-0.244159,0.691887
113.23,0,,45.1335,2.00499,-2.12468,-5.47608,3.11912,-4.82782,18.1994,10.3145,10.0328,11.5086,11.3353,-10.5181,1.52285,-2.84768,4.97954,4.97954,1.87688,-1.87688,-4.15654,4.15654,-31.6654,0.816772,-15.9145,-0.896039,-0.133721,-2.75025,53.7083,63.9695,-162.589,-24.4191,91.8074,97.6674,74.6894,-81.5497,6.83239,692.831,-290.562,-347.107,-25.3758,25.8616,43.4674,17.59,-43.9472,-38.5646,-3.4744,-16.6078,12.2097,-0.355249,-0.569863,-0.38351,0.613561,0.265641,0.724896,-0.573999,-0.240428,-0.782627,0.155956,0.222489,0.854187,0.25703,-0.737764,0.17469,0.1421,-0.723991,-0.00726371,0.203803,-0.244149,0.691003
113.24,0,,44.97,1.49086,-2.05817,-5.53022,3.27218,-4.75717,17.5612,10.3365,9.50006,11.7984,11.203,-10.5244,1.33331,-3.12201,4.81793,4.81793,1.74227,-1.74227,-4.19669,4.19669,-31.7864,0.856672,-15.7555,-0.854646,-0.114618,-2.87647,79.577,37.113,-213.373,-7.34134,51.7779,130.371,74.6894,-59.0509,2.45966,675.273,-347.188,-386.707,-19.0496,-27.8293,27.8265,42.9829,-28.2985,-48.82,-0.947564,15.1806,41.5577,-0.357926,-0.569483,-0.383928,0.614242,0.263813,0.72448,-0.572615,-0.244404,-0.78247,0.154856,0.221877,0.853754,0.255872,-0.738012,0.169808,0.14173,-0.723056,-0.0114751,0.203927,-0.244151,0.690155
113.25,0,,44.8614,1.03203,-1.98515,-5.54349,3.4542,-4.70271,17.0433,10.3475,9.01765,12.0709,11.09,-10.4642,1.15677,-3.3819,4.72058,4.72058,1.63615,-1.63615,-4.23982,4.23982,-31.8186,0.920042,-15.5965,-0.875343,-0.0736831,-2.99605,84.9697,31.2556,-193.844,-1.97852,18.5699,142.567,11.7098,-74.7257,9.29205,612.792,-364.302,-465.748,5.86416,-84.4718,-6.35658,60.0684,-36.1501,-18.054,5.84331,-2.46522,27.3318,-0.360246,-0.568812,-0.384661,0.614844,0.261979,0.724165,-0.571559,-0.247631,-0.782262,0.154369,0.221025,0.853456,0.254477,-0.738222,0.164565,0.141424,-0.722073,-0.0156256,0.204115,-0.244706,0.689255
113.26,0,,44.8003,0.614695,-1.87724,-5.53606,3.65552,-4.64089,16.6386,10.3674,8.56297,12.3725,10.9831,-10.3486,1.00161,-3.61958,4.66956,4.66956,1.54519,-1.54519,-4.28443,4.28443,-31.7622,0.976371,-15.4431,-0.927693,-0.00545801,-3.08241,73.7189,32.2278,-150.392,-7.80994,15.1591,144.523,-28.7997,-61.5507,19.0214,550.785,-355.989,-466.871,45.8826,-114.761,-41.9904,57.6132,-35.1686,-26.8524,15.6348,-7.7849,17.5864,-0.362333,-0.567916,-0.385589,0.615273,0.260392,0.723984,-0.570879,-0.250252,-0.781945,0.154545,0.219976,0.853292,0.253003,-0.738378,0.159187,0.141121,-0.720927,-0.0198376,0.204113,-0.245558,0.68821
113.27,0,,44.7667,0.225011,-1.72886,-5.48829,3.8927,-4.57319,16.3427,10.396,8.03093,12.7391,10.92,-10.1946,0.802773,-3.8417,4.64308,4.64308,1.4687,-1.4687,-4.32756,4.32756,-31.5283,0.976371,-15.317,-1.01657,0.0409351,-3.13555,72.7608,63.4834,-133.785,-27.8554,38.561,96.201,-62.9796,-49.7946,55.1511,577.676,-353.544,-414.604,66.8869,-127.446,-65.9133,91.3135,-32.715,-33.1942,16.1086,0,28.3399,-0.364342,-0.56687,-0.386744,0.615524,0.259053,0.723931,-0.570529,-0.252334,-0.78154,0.156137,0.218153,0.853078,0.251661,-0.73832,0.154061,0.140696,-0.719776,-0.0242326,0.203497,-0.246651,0.687033
113.28,0,,44.7468,-0.152102,-1.5577,-5.42195,4.09264,-4.48782,16.1693,10.4401,7.48138,13.1554,10.8131,-9.96099,0.637387,-4.0505,4.62478,4.62478,1.39795,-1.39795,-4.37069,4.37069,-31.1655,0.952901,-15.1525,-1.18579,0.0764121,-3.14662,78.6189,88.8574,-139.647,-79.0886,58.1257,81.0482,-74.6894,-26.3499,98.6597,578.15,-373.985,-482.903,49.792,-119.645,-48.347,58.5886,-51.7442,-108.895,2.36891,-47.8772,46.8225,-0.366344,-0.565752,-0.388012,0.615713,0.258017,0.723876,-0.570509,-0.253424,-0.781208,0.158459,0.215408,0.853088,0.250497,-0.738123,0.149175,0.140206,-0.718608,-0.0289323,0.202405,-0.248428,0.68565
113.29,0,,44.6765,-0.550586,-1.367,-5.36675,4.18503,-4.41128,16.0791,10.5062,6.96978,13.5977,10.6417,-9.70861,0.581639,-4.22376,4.58895,4.58895,1.32422,-1.32422,-4.41232,4.41232,-30.722,0.927083,-14.9113,-1.3818,0.117347,-3.12891,88.3915,91.3121,-154.295,-107.413,85.4595,77.1377,-12.2071,33.1739,57.6107,529.272,-376.919,-523.466,5.86416,-79.0957,-42.4915,54.6872,-124.535,-137.204,3.94818,-36.589,21.507,-0.368561,-0.564623,-0.389376,0.616074,0.256977,0.723748,-0.570715,-0.253068,-0.781177,0.161022,0.211868,0.853334,0.249758,-0.737861,0.144716,0.139717,-0.717447,-0.0338764,0.201122,-0.250502,0.683936
113.3,0,,44.5512,-0.984266,-1.1642,-5.34128,4.16159,-4.3524,16.0906,10.5701,6.42752,14.1092,10.4094,-9.42418,0.604867,-4.36593,4.53404,4.53404,1.23648,-1.23648,-4.45396,4.45396,-30.1172,0.851978,-14.6043,-1.59729,0.120076,-3.09348,133.313,114.742,-161.627,-116.68,103.035,81.0482,50.7725,75.1987,39.0813,559.01,-343.765,-447.311,18.0545,-85.4556,-43.4674,43.9583,-153.815,-136.233,9.79149,-89.3966,1.4562,-0.371058,-0.563455,-0.390774,0.616655,0.255744,0.72353,-0.571258,-0.251112,-0.781413,0.164439,0.206984,0.853754,0.249223,-0.73766,0.140268,0.139224,-0.716203,-0.0389413,0.199296,-0.252706,0.682061
113.31,0,,44.4121,-1.38904,-0.955829,-5.33013,4.03886,-4.34063,16.1762,10.6384,5.81082,14.7104,10.0242,-9.10382,0.638316,-4.38036,4.5099,4.5099,1.15378,-1.15378,-4.49709,4.49709,-29.3189,0.711155,-14.1164,-1.84808,0.02729,-2.96062,159.181,100.086,-202.157,-103.039,123.547,54.2106,87.3938,109.386,19.5133,594.285,-324.694,-455.488,20.0092,-136.23,-56.1542,59.0931,-179.224,-78.6147,-3.00062,-114.698,27.7798,-0.373509,-0.562064,-0.39237,0.61734,0.253919,0.723424,0.571943,0.247761,0.781981,0.168226,0.199722,0.854679,0.24855,-0.737593,0.135628,0.138926,-0.714956,-0.0438264,0.196608,-0.255206,0.679735
113.32,0,,44.2959,-1.74478,-0.730244,-5.32058,3.71757,-4.40539,16.3334,10.7067,5.17223,15.37,9.48746,-8.78502,0.768395,-4.30595,4.54067,4.54067,1.07982,-1.07982,-4.54022,4.54022,-28.3997,0.528086,-13.4366,-2.1147,-0.171927,-2.8034,155.76,88.3713,-208.001,-95.2292,143.064,52.7441,93.7687,135.736,26.8376,501.433,-9.77993,-627.999,7.81888,-178.712,-81.5542,102.042,-114.721,-71.3017,-18.4775,-34.1238,73.7062,-0.375812,-0.56033,-0.394245,0.618017,0.251602,0.723492,0.572463,0.24256,0.783223,0.171759,0.190253,0.856049,0.248002,-0.737536,0.131051,0.13905,-0.713747,-0.0484052,0.193435,-0.257771,0.677297
113.33,0,,44.1996,-2.0603,-0.498612,-5.3089,3.17014,-4.50842,16.5924,10.775,4.28842,15.8825,8.70235,-8.53107,0.976521,-4.24264,4.61582,4.61582,1.00425,-1.00425,-4.58483,4.58483,-27.1176,0.488186,-12.4718,-2.30827,-0.532156,-2.72146,135.256,67.3722,-202.628,-85.4407,170.919,69.3402,30.2917,76.6851,58.1027,80.0394,-448.214,249.468,41.5111,-208.017,-81.053,131.337,-20.5014,1.45689,-9.31771,-76.6813,92.3007,-0.377965,-0.55834,-0.396216,0.61867,0.248786,0.723714,0.572983,0.235309,0.785036,0.176213,0.176701,0.858176,0.247572,-0.737406,0.126533,0.139407,-0.712418,-0.0527355,0.191717,-0.259957,0.674886
113.34,0,,44.1064,-2.34439,-0.300935,-5.27334,2.4531,-4.60557,16.923,10.872,3.16888,16.235,7.3359,-8.40293,1.14005,-4.28929,4.71941,4.71941,0.940162,-0.940162,-4.62945,4.62945,-25.5049,0.610232,-10.8984,-2.3728,-1.12981,-2.77461,118.64,65.9139,-196.784,-57.6373,204.08,91.8018,-56.1527,15.1343,110.849,236.796,-298.386,-369.072,94.253,-207.525,-70.7928,155.283,-46.4008,33.1942,-25.4263,-40.0922,87.372,-0.379978,-0.556202,-0.398351,0.619476,0.245434,0.723912,0.573635,0.22639,0.787145,0.179518,0.157116,0.861696,0.247268,-0.737165,0.1222,0.139838,-0.710969,-0.0572535,0.191842,-0.261303,0.672758
113.35,0,,43.9749,-2.63728,-0.122327,-5.23566,1.61196,-4.68947,17.3069,10.9799,2.09385,16.354,5.88487,-8.39277,1.7477,-4.48921,4.82261,4.82261,0.875387,-0.875387,-4.67703,4.67703,-23.8196,0.955248,-9.23184,-2.30462,-1.40544,-3.01376,99.1222,51.7687,-183.099,-63.0002,190.436,85.9362,-148.927,-64.456,64.935,262.738,-152.86,-556.654,139.176,-169.927,-55.6531,198.737,-133.804,21.4819,-80.5429,-71.2319,119.184,-0.381986,-0.554056,-0.400481,0.620453,0.241589,0.724096,0.574532,0.216128,0.789317,0.182871,0.137886,0.865952,0.247205,-0.736854,0.117987,0.14027,-0.709347,-0.0618946,0.19441,-0.261858,0.671064
113.36,0,,43.8236,-2.94149,0.0306982,-5.17038,0.745997,-4.80722,17.7739,11.0835,1.10787,16.1031,4.76757,-8.50841,2.48637,-4.76465,4.92152,4.92152,0.812449,-0.812449,-4.72165,4.72165,-22.1182,1.65232,-7.87228,-2.10618,-1.56918,-3.43228,99.615,64.9417,-191.412,-73.2572,169.45,51.7665,-196.308,-201.205,-33.1781,235.847,-79.6086,-52.7474,174.787,-125.478,-36.6097,212.897,-182.114,28.3093,-95.704,-79.1465,145.508,-0.384003,-0.551924,-0.40262,0.621573,0.237507,0.724181,0.575707,0.205025,0.791352,0.187815,0.120551,0.869005,0.247441,-0.736341,0.114016,0.140874,-0.707607,-0.0663477,0.200391,-0.26204,0.669353
113.37,0,,43.6479,-3.27083,0.158142,-5.09396,-0.0565358,-4.98826,18.345,11.1981,0.675083,15.6122,3.3273,-8.72563,3.31608,-5.09562,5.00369,5.00369,0.740094,-0.740094,-4.76924,4.76924,-20.8442,2.59114,-6.23314,-1.80791,-1.5528,-4.00801,134.271,103.027,-219.726,-93.7713,145.006,14.152,-206.074,-397.952,-124.022,406.208,2.44498,-260.691,180.19,-115.218,-27.3518,199.712,-225.079,-6.82737,-48.7995,-41.5195,109.327,-0.3862,-0.549787,-0.404756,0.622961,0.233473,0.72398,0.577425,0.193431,0.792952,0.188303,0.104314,0.872969,0.247687,-0.735736,0.109988,0.141848,-0.705761,-0.0706188,0.208751,-0.261916,0.667761
113.38,0,,43.4813,-3.59892,0.273028,-4.99312,-0.672914,-5.25173,18.9624,11.3193,-0.278791,14.8704,2.16309,-9.03975,3.80853,-5.37661,5.10027,5.10027,0.662455,-0.662455,-4.81534,4.81534,-19.0057,3.80222,-4.88454,-1.42319,-1.71927,-4.65904,174.812,101.083,-250.981,-106.423,104.977,-1.95521,-152.363,-526.391,-194.313,552.209,-568.312,708.483,186.516,-159.175,-8.3084,204.118,-255.886,-34.6796,-89.8606,17.1268,123.553,-0.388505,-0.547447,-0.40706,0.624551,0.229446,0.723557,0.579932,0.182385,0.793691,0.193803,0.0858838,0.875014,0.24787,-0.735003,0.105776,0.143257,-0.703894,-0.0747109,0.219434,-0.261856,0.665627
113.39,0,,43.3681,-3.84656,0.361866,-4.87211,-0.929394,-5.56819,19.4665,11.4669,-1.20639,14.0573,1.14575,-9.18352,3.64964,-5.5743,5.26733,5.26733,0.577696,-0.577696,-4.86293,4.86293,-17.3204,5.10952,-3.7662,-1.20892,-2.18047,-5.28571,217.762,82.5139,-229.981,-66.9051,70.8215,-11.708,-10.7603,-474.096,-181.632,125.912,-883.323,229.908,181.647,-239.747,-0.501141,212.897,-278.296,-65.9312,-160.612,72.7888,187.962,-0.390648,-0.544649,-0.40957,0.626374,0.22517,0.722936,0.582891,0.173952,0.793403,0.199044,0.0682401,0.875036,0.247693,-0.734167,0.101384,0.145028,-0.702009,-0.0786792,0.230359,-0.263625,0.662999
113.4,0,,43.2581,-4.015,0.386053,-4.72828,-0.75427,-5.89642,19.6861,11.641,-0.183185,13.1457,1.63174,-9.03271,4.92349,-5.55542,5.4967,5.4967,0.501206,-0.501206,-4.89713,4.89713,-17.7155,6.56938,-4.41308,-1.27223,-0.693167,-5.74187,253.431,9.77042,-142.57,23.9505,28.8023,47.8561,153.312,-176.274,-38.5893,-742.184,-148.459,1020.48,174.787,-306.649,-38.5615,242.662,-260.739,-93.7549,-152.874,77.2003,228.96,-0.392418,-0.541597,-0.412195,0.628625,0.220406,0.722073,0.585714,0.16944,0.792326,0.201548,0.0788003,0.876203,0.247154,-0.733282,0.0968105,0.147103,-0.700051,-0.0825242,0.241407,-0.268386,0.658909
113.41,0,,43.174,-4.09545,0.360006,-4.54465,-0.184776,-6.19816,19.5936,11.8525,0.707195,12.2287,3.01356,-8.61546,6.91648,-5.40771,5.80668,5.80668,0.462846,-0.462846,-4.91944,4.91944,-18.1832,8.09731,-6.0303,-1.5985,1.88301,-6.05631,300.788,-105.968,-85.451,206.078,-10.7535,120.595,291.524,303.7,135.719,-1112.8,747.089,1108.34,198.742,-384.269,-93.265,263.178,-208.013,-95.6974,-126.026,-3.37346,203.644,-0.393577,-0.5383,-0.415124,0.631083,0.215163,0.721176,0.588523,0.168768,0.790434,0.209667,0.0995536,0.877427,0.246533,-0.732336,0.0921676,0.149422,-0.698036,-0.0866135,0.252027,-0.27571,0.65372
113.42,0,,43.1343,-4.04014,0.323726,-4.29786,0.654988,-6.41159,19.2098,12.1125,-0.459786,11.1993,3.65949,-8.10913,7.68767,-5.25777,6.2144,6.2144,0.48214,-0.48214,-4.92687,4.92687,-16.8689,9.76371,-6.8252,-1.98078,3.38397,-6.31982,278.314,-233.396,-96.1959,389.143,-60.068,191.89,390.627,682.125,328.119,-377.419,1097.7,1098.56,220.208,-406.266,-140.636,261.732,-213.356,-84.9565,-189.039,-97.7005,178.665,-0.393824,-0.534825,-0.418362,0.633411,0.209672,0.720576,0.591288,0.171215,0.787895,0.223828,0.102056,0.877917,0.245987,-0.731247,0.0879571,0.151681,-0.695838,-0.0909473,0.263433,-0.283942,0.647841
113.43,0,,43.1358,-3.91695,0.341401,-4.03992,1.35134,-6.46016,18.789,12.3946,-4.07896,9.96876,3.14429,-7.62311,6.89883,-5.09562,6.65523,6.65523,0.539106,-0.539106,-4.93282,4.93282,-13.2564,11.6367,-6.28796,-2.33993,3.03738,-6.44382,189.457,-276.367,-104,545.915,-30.7446,206.554,412.6,758.27,397.973,932.159,326.161,711.369,197.249,-423.343,-148.918,287.595,-185.549,-35.6509,-259.79,-129.878,196.811,-0.393222,-0.531662,-0.421301,0.635039,0.204782,0.720615,0.593412,0.173653,0.785804,0.244156,0.0772143,0.877192,0.245928,-0.730092,0.0844785,0.153638,-0.693601,-0.0955891,0.276319,-0.292494,0.640898
113.44,0,,43.1817,-3.80005,0.464193,-3.79791,1.65884,-6.3115,18.7589,12.7009,-8.14478,8.48301,2.27613,-7.11287,5.68352,-4.95234,7.05672,7.05672,0.623176,-0.623176,-4.94769,4.94769,-8.92631,13.7607,-5.35052,-2.72829,1.8257,-6.42389,114.26,-223.14,-112.313,518.059,69.353,154.299,412.6,468.759,334.951,1585.92,-461.906,-882.277,190.425,-419.934,-105.952,317.394,-229.496,-89.3557,-256.316,-5.83868,237.249,-0.391983,-0.529257,-0.42354,0.635614,0.2018,0.721376,0.595855,0.172616,0.784219,0.266183,0.0433364,0.87393,0.246713,-0.728907,0.0820341,0.155223,-0.691269,-0.100532,0.290965,-0.301707,0.632835
113.45,0,,43.3513,-3.71583,0.637684,-3.64506,1.72917,-6.00093,19.2954,13.0182,-9.98758,6.8102,1.89626,-6.44948,5.23847,-4.81796,7.40876,7.40876,0.677845,-0.677845,-4.96554,4.96554,-6.39437,16.0655,-5.05449,-3.27858,1.2417,-6.28439,114.753,-175.284,-49.314,363.787,260.737,64.9409,422.863,77.631,148.946,1197.74,-626.991,-1376.88,213.882,-397.446,-86.9085,342.283,-265.155,-25.8812,-320.277,-74.2161,212.941,-0.390453,-0.52748,-0.424755,0.635472,0.201793,0.722147,0.599264,0.168524,0.782559,0.280412,0.0257584,0.871207,0.248242,-0.727819,0.0803873,0.156569,-0.68878,-0.105539,0.306536,-0.312335,0.623755
113.46,0,,43.6952,-3.64417,0.701871,-3.56864,1.74847,-5.54464,20.3428,13.3487,-9.46941,4.90058,1.80014,-5.6728,5.36018,-4.63581,7.71679,7.71679,0.7123,-0.7123,-4.98338,4.98338,-5.87024,18.591,-5.25184,-3.97983,1.24988,-5.98988,121.104,-200.196,-19.0395,204.1,474.622,35.6361,412.103,-134.25,90.3515,407.79,-442.346,-295.482,270.498,-328.611,-61.0337,332.024,-309.102,-8.79845,-300.852,-96.6625,201.18,-0.38857,-0.526334,-0.42501,0.635225,0.204722,0.722144,0.603659,0.162848,0.780423,0.284692,0.0245382,0.870862,0.250259,-0.72685,0.0794725,0.157725,-0.686262,-0.110481,0.32326,-0.324237,0.613194
113.47,0,,44.1385,-3.63412,0.536753,-3.55377,1.74572,-4.87493,21.6862,13.677,-8.39803,2.5887,1.70863,-4.89533,5.60547,-4.69801,7.93292,7.93292,0.71965,-0.71965,-5.01759,5.01759,-5.78154,21.4473,-5.5095,-4.74195,1.32903,-5.78173,106.924,-207.512,-121.098,183.117,679.697,27.8385,209.962,-108.373,167.476,176.213,-408.214,499.096,301.773,-236.338,-32.2313,348.135,-378.404,15.6258,-344.755,-3.89245,235.344,-0.386387,-0.52617,-0.423927,0.635294,0.209486,0.721053,-0.608251,-0.156992,-0.778061,0.286572,0.0267345,0.871556,0.252635,-0.725859,0.0791658,0.158391,-0.683616,-0.115482,0.342729,-0.336564,0.602264
113.48,0,,44.5924,-3.68566,0.082792,-3.57235,1.49613,-4.00651,23.0943,14.0119,-7.7879,0.0367651,1.6648,-3.98658,5.77551,-4.86682,8.06143,8.06143,0.69714,-0.69714,-5.05477,5.05477,-5.2816,24.5079,-5.65752,-5.73295,1.03702,-5.52929,161.618,-103.027,-237.785,149.899,523.937,106.443,-84.4551,-65.9424,363.265,74.6613,-524.4,765.078,273.447,-198.741,2.45296,375.478,-425.786,61.532,-381.868,-18.554,175.304,-0.383817,-0.527015,-0.421417,0.635879,0.214055,0.719072,-0.611913,-0.150583,-0.776412,0.290357,0.0253307,0.871619,0.255017,-0.724706,0.0791054,0.15882,-0.680816,-0.120489,0.363312,-0.350188,0.59032
113.49,0,,45.0036,-3.70326,-0.547916,-3.60048,0.740481,-2.97176,24.3175,14.3513,-7.70616,-2.86335,2.01853,-2.94188,5.99943,-5.17669,8.2024,8.2024,0.661536,-0.661536,-5.08897,5.08897,-4.40268,27.8735,-5.96452,-6.93943,0.275629,-5.32114,214.368,38.0852,-175.784,95.6978,65.4211,158.698,-337.413,-85.4684,429.183,-26.8907,-271.491,263.737,312.009,-150.391,64.9374,323.717,-482.928,63.4745,-486.258,16.6078,344.223,-0.380761,-0.528109,-0.418239,0.636883,0.216811,0.716905,-0.614207,-0.142581,-0.776075,0.297251,0.0218513,0.86972,0.257463,-0.723375,0.079351,0.158704,-0.677729,-0.125621,0.385648,-0.36526,0.576762
113.5,0,,45.2619,-3.67183,-1.13909,-3.57766,-0.430224,-1.9326,25.1984,14.7016,-7.55144,-6.06192,2.6806,-1.69168,6.75853,-5.61095,8.36479,8.36479,0.610083,-0.610083,-5.11574,5.11574,-3.76566,31.4997,-6.48531,-8.39672,-0.308378,-5.29678,231.449,153.313,-25.3921,-23.9505,-470.217,187.98,-389.181,-144.046,251.979,215.284,676.771,-802.274,311.511,-154.783,112.308,280.768,-570.332,81.0429,-443.776,-67.3394,376.932,-0.377953,-0.528842,-0.415309,0.638108,0.217179,0.715201,-0.615683,-0.133244,-0.776577,0.303855,0.0214249,0.867798,0.259417,-0.721789,0.0795952,0.158028,-0.674473,-0.130927,0.408853,-0.382422,0.561212
113.51,0,,45.1702,-3.69948,-1.47956,-3.4678,-1.81328,-0.968509,25.7233,15.0454,-7.87256,-9.65301,4.3085,-0.31802,8.20984,-6.3573,8.43878,8.43878,0.524405,-0.524405,-5.13953,5.13953,-2.72547,35.4099,-7.9271,-9.97452,-0.368416,-5.71087,229.479,200.683,78.1183,-151.357,-846.21,119.64,-278.819,-230.461,-17.1083,290.578,883.812,74.2312,250.488,-171.403,157.728,273.436,-583.472,46.3918,-343.334,-67.3394,420.394,-0.37618,-0.529569,-0.41262,0.63939,0.216019,0.714407,-0.617343,-0.123176,-0.776958,0.318077,0.0260028,0.864136,0.260634,-0.719826,0.0797772,0.156625,-0.67106,-0.136116,0.433503,-0.401152,0.544412
113.52,0,,44.6811,-3.8189,-1.60979,-3.26824,-3.10809,-0.0662354,25.9707,15.3825,-7.56823,-13.0787,4.26851,1.1705,9.3406,-7.36687,8.38699,8.38699,0.42862,-0.42862,-5.15738,5.15738,-2.30617,39.0666,-7.91614,-11.6424,-0.605839,-6.39511,205.088,185.055,25.8821,-243.67,-983.4,-29.7937,-81.5615,-355.927,-285.157,298.329,296.919,-95.2339,172.868,-176.252,180.173,181.147,-526.384,71.7874,-92.7033,68.8964,-304.234,-0.375504,-0.530539,-0.410295,0.641512,0.215404,0.713598,-0.619967,-0.113226,-0.776408,0.320688,0.0239265,0.863979,0.260878,-0.717689,0.079655,0.154366,-0.667455,-0.141304,0.455475,-0.420378,0.527807
113.53,0,,43.9398,-3.91193,-1.63212,-2.93707,-4.23467,0.864004,25.9869,15.7505,-6.76178,-16.4848,3.37959,2.44962,10.4045,-8.55526,8.31339,8.31339,0.348225,-0.348225,-5.17374,5.17374,-2.34648,42.6435,-7.23636,-13.1496,-0.695896,-7.21664,147.958,179.683,1.96022,-231.955,-770.509,-187.002,5.8775,-544.43,-417.486,-239.802,-348.166,191.43,99.6196,-172.352,147.942,34.6756,-547.867,87.4132,-337.964,-144.54,12.6577,-0.375206,-0.531404,-0.408472,0.645055,0.217236,0.711832,-0.623074,-0.103825,-0.775241,0.316791,0.0202038,0.866323,0.260025,-0.71519,0.0792892,0.151134,-0.663683,-0.146922,0.476582,-0.438311,0.510763
113.54,0,,43.1053,-3.87924,-1.63537,-2.4817,-5.06064,1.73095,25.8528,16.2066,-6.6399,-20.2662,2.58141,3.79046,10.8737,-9.97688,8.29509,8.29509,0.292178,-0.292178,-5.18712,5.18712,-1.74172,46.5279,-6.5511,-14.8041,-1.11889,-8.4124,96.1932,94.7148,12.2151,-135.268,-335.443,-190.912,29.7944,-622.534,-464.821,273.02,-656.233,592.246,43.9279,-184.088,116.212,0.975356,-596.667,14.6546,1083.54,-27.8959,-289.112,-0.374959,-0.531767,-0.40737,0.649867,0.221383,0.70883,0.626253,0.0957081,0.773722,0.317085,0.0119021,0.866538,0.258187,-0.712365,0.0790431,0.147834,-0.660004,-0.152778,0.498685,-0.4584,0.491605
113.55,0,,42.3456,-3.64543,-1.80794,-1.9032,-5.52534,2.57141,25.6932,16.8787,-7.42153,-23.2734,2.41223,4.55543,10.6172,-11.3063,8.394,8.394,0.264844,-0.264844,-5.19604,5.19604,-0.282223,49.7269,-6.36471,-16.0386,-2.01673,-9.49301,37.5849,25.8843,84.4709,-2.91571,45.43,-176.76,134.278,-560.037,-416.011,578.15,-618.189,595.292,31.7375,-257.808,87.4096,100.596,-564.443,4.39923,871.127,110.416,-184.601,-0.374039,-0.531638,-0.406572,0.655557,0.226027,0.704693,0.62966,0.0895416,0.771693,0.325516,0.00109869,0.862773,0.255324,-0.709085,0.079045,0.145638,-0.65653,-0.159311,0.51688,-0.473665,0.475618
113.56,0,,41.7312,-3.18912,-2.16236,-1.19308,-5.63152,3.34268,25.5429,17.8658,-7.00919,-25.5799,2.00699,5.20397,10.4825,-12.2304,8.60117,8.60117,0.280923,-0.280923,-5.20051,5.20051,-0.016127,52.4541,-6.21669,-17.2134,-2.40425,-10.1883,-78.6189,-30.2835,258.295,195.821,271.017,-119.151,200.694,-474.096,-283.189,455.086,355.989,-727.081,31.24,-368.176,37.1108,176.741,-522.949,25.3955,565.854,50.7316,67.4333,-0.372512,-0.531026,-0.406266,0.661497,0.229513,0.700074,-0.632866,-0.0853954,-0.769535,0.326423,-0.00177006,0.862078,0.251288,-0.705462,0.0795308,0.144962,-0.652789,-0.16663,0.531235,-0.486859,0.459818
113.57,0,,41.2192,-2.58826,-2.59074,-0.385311,-5.53224,4.01681,25.432,19.1593,-5.60793,-27.4322,0.942748,5.8908,10.397,-12.8279,8.82431,8.82431,0.319053,-0.319053,-5.1663,5.1663,-0.782161,54.9256,-5.59722,-18.426,-2.42608,-10.6644,-156.745,-58.1121,375.001,404.763,239.277,-71.2954,164.073,-335.928,-188.957,29.738,447.725,-36.0735,17.5925,-459.465,-35.159,207.044,-563.461,20.5107,751.892,98.6088,145.508,-0.370929,-0.530299,-0.406331,0.666852,0.230606,0.696029,-0.635582,-0.0824004,-0.767606,0.318179,-0.00158693,0.864938,0.246475,-0.701643,0.0809987,0.145636,-0.648951,-0.174689,0.54288,-0.499604,0.443387
113.58,0,,40.7102,-1.8818,-2.97307,0.462267,-5.40124,4.57466,25.3071,20.7392,-4.64019,-28.7201,-0.456764,6.64092,9.9594,-13.1655,9.00773,9.00773,0.356954,-0.356954,-5.13805,5.13805,-1.20146,56.9839,-4.52273,-19.7092,-2.76994,-10.939,-158.689,-59.0843,372.55,448.707,44.9089,-117.196,67.8625,-225.123,-127.465,-268.116,95.7455,38.1577,-17.0949,-481.461,-98.1446,276.866,-569.35,-44.4207,599.65,170.879,245.65,-0.369533,-0.529762,-0.40634,0.671172,0.228831,0.693328,-0.637906,-0.0799595,-0.765902,0.309595,-0.00689753,0.86738,0.241582,-0.697706,0.0842301,0.147655,-0.645191,-0.183058,0.551246,-0.511632,0.427764
113.59,0,,40.2073,-1.02826,-3.27912,1.26951,-5.26886,4.9441,25.1499,22.5548,-4.02131,-29.4878,-1.40874,7.80752,9.59054,-13.3777,9.1966,9.1966,0.383369,-0.383369,-5.11574,5.11574,-1.30629,58.6433,-3.81005,-21.3126,-3.04011,-11.1715,-133.313,-48.3417,354.491,311.512,-156.755,-127.438,28.7997,-175.801,-29.2973,-256.411,-213.887,-46.8153,-33.6923,-474.609,-138.183,356.947,-457.029,-292.977,570.276,580.624,398.887,-0.36837,-0.529025,-0.406519,0.674869,0.22518,0.691533,-0.640107,-0.0776405,-0.764258,0.305009,-0.0114142,0.868577,0.237373,-0.693931,0.0896636,0.151134,-0.641404,-0.191176,0.555778,-0.525258,0.412637
113.6,0,,39.7366,-0.00125705,-3.55075,2.01359,-5.10201,5.12662,25.0088,24.6041,-3.81477,-29.6976,-1.53946,9.83206,9.40192,-13.19,9.38196,9.38196,0.398759,-0.398759,-5.08153,5.08153,-1.00794,59.953,-3.84295,-23.5539,-3.11379,-11.0121,-130.849,-21.4852,358.883,88.8771,-310.525,-150.388,66.4157,-180.666,32.7408,6.80177,-204.107,112.87,-87.8913,-377.944,-135.73,415.535,-416.517,-334.484,612.284,238.737,570.271,-0.367512,-0.528105,-0.406943,0.67839,0.22145,0.689804,-0.642357,-0.0753811,-0.762539,0.307141,-0.01294,0.867833,0.23384,-0.690473,0.0975403,0.15571,-0.637123,-0.198681,0.555024,-0.542084,0.395042
113.61,0,,39.3208,1.15145,-3.79262,2.6303,-4.94619,5.27381,24.9371,26.8538,-3.48562,-29.4489,-1.41797,12.5552,9.35639,-12.5491,9.56032,9.56032,0.395543,-0.395543,-5.0399,5.0399,-0.814415,61.0443,-4.14446,-26.3406,-3.02101,-10.2968,-156.252,7.31567,349.609,-36.134,-407.733,-98.133,69.3544,-192.355,76.1948,189.975,45.8679,-30.7827,-100.579,-229.978,-95.6916,375.983,-565.915,-294.919,796.427,-377.957,364.722,-0.366979,-0.527028,-0.40751,0.681851,0.21882,0.687772,-0.644574,-0.0728197,-0.760853,0.310078,-0.0119636,0.866936,0.230904,-0.687585,0.107181,0.160591,-0.631989,-0.20637,0.549534,-0.560949,0.373986
113.62,0,,38.899,2.38839,-3.99262,3.10478,-4.85656,5.24879,24.9001,29.2468,-2.85724,-29.038,-1.53254,15.1392,9.38984,-11.5473,9.69895,9.69895,0.368669,-0.368669,-4.99528,4.99528,-0.903114,62.1263,-4.22669,-28.8291,-2.85454,-9.32251,-175.77,35.1444,328.119,-25.8769,-410.623,-38.0801,12.2071,-179.72,121.562,109.936,93.7895,-15.5517,-38.5613,-88.3721,-71.294,203.109,-791.976,-327.142,1014.21,-666.517,390.598,-0.366904,-0.525971,-0.408105,0.685339,0.217419,0.6854,-0.646516,-0.0697055,-0.759436,0.309898,-0.010804,0.867068,0.228411,-0.685294,0.118295,0.166571,-0.62667,-0.213447,0.543735,-0.576757,0.352805
113.63,0,,38.4038,3.66554,-4.12518,3.44232,-4.89793,4.79544,24.7892,31.631,-2.1807,-28.5568,-1.85166,17.3669,9.46789,-9.84804,9.79787,9.79787,0.297232,-0.297232,-4.94769,4.94769,-1.09664,63.2271,-4.06771,-30.7356,-2.7099,-8.03374,-166.983,20.9991,295.412,6.35208,-376.467,-62.0081,-83.5056,-165.059,146.486,-46.8215,-107.873,-2.4049,76.163,34.6812,-52.7253,65.9206,-899.39,-372.077,1225.52,-722.698,449.182,-0.367323,-0.524921,-0.408523,0.688865,0.216377,0.682945,-0.648083,-0.0661633,-0.758376,0.307812,-0.0108036,0.867708,0.226449,-0.683316,0.130559,0.17494,-0.622484,-0.218217,0.538968,-0.587494,0.332476
113.64,0,,37.8214,4.99047,-4.17355,3.70185,-5.0441,3.79897,24.5949,33.9843,-1.60925,-27.7306,-1.99623,19.1023,9.65279,-7.27802,9.85161,9.85161,0.202136,-0.202136,-4.9001,4.9001,-1.21759,64.0274,-4.05127,-31.9324,-2.53797,-6.34196,-160.167,7.80176,267.57,40.0389,-279.307,-58.0977,-129.893,-204.584,124.022,-74.6613,-142.591,43.4485,189.928,114.761,-59.5831,142.099,-724.147,-417.955,1261.21,-843.754,484.915,-0.368137,-0.523974,-0.408851,0.692226,0.215401,0.68069,-0.649498,-0.0623191,-0.757473,0.306962,-0.0102544,0.867904,0.224864,-0.681366,0.144049,0.186347,-0.620261,-0.2201,0.534154,-0.592019,0.315511
113.65,0,,37.1764,6.34054,-4.16937,3.96403,-5.23439,2.28291,24.3128,36.3001,-1.20347,-26.4201,-1.98008,20.3244,9.88879,-3.90612,9.87303,9.87303,0.102217,-0.102217,-4.85252,4.85252,-1.21759,64.3584,-4.19928,-32.5009,-2.36059,-4.28924,-131.834,-36.1408,203.119,61.5423,-209.954,-36.6137,-106.428,-309.578,40.5024,-4.9036,-25.4278,71.8263,255.357,178.22,-66.8892,229.007,-402.831,-556.645,1111.33,-1157.23,426.779,-0.369042,-0.523226,-0.409022,0.695333,0.214301,0.678731,-0.650964,-0.058718,-0.756497,0.30775,-0.00927766,0.867583,0.223335,-0.679038,0.158208,0.200939,-0.620029,-0.219372,0.528539,-0.590922,0.30306
113.66,0,,36.5115,7.72329,-4.11774,4.26442,-5.3254,0.450401,24.0215,38.6094,-0.822507,-24.6521,-2.03314,20.7057,9.99843,-0.493124,9.86835,9.86835,0.0064316,-0.0064316,-4.80344,4.80344,-1.20953,64.119,-4.33633,-32.2014,-2.21868,-2.38709,-108.895,-90.34,183.099,71.7994,-188.494,-41.9905,8.31892,-385.25,-63.9512,75.6104,-21.0269,53.7094,270.995,240.731,-57.1301,231.462,-40.0214,-570.814,-149.399,-1197.71,653.834,-0.369959,-0.522679,-0.409085,0.698001,0.212849,0.677248,-0.652806,-0.0558501,-0.755106,0.30861,-0.00848434,0.867173,0.221443,-0.676232,0.172736,0.217303,-0.620595,-0.216998,0.523836,-0.584265,0.298297
113.67,0,,35.8574,9.12364,-4.03123,4.5818,-5.273,-1.41155,23.7556,40.8701,-0.378046,-22.6625,-2.21,19.5493,9.92874,3.08425,9.84577,9.84577,-0.0882048,0.0882048,-4.75437,4.75437,-1.26597,63.5698,-4.38567,-30.4532,-2.10406,-0.287868,-85.4625,-129.883,159.177,97.1556,-180.157,-76.1834,66.4157,-412.613,-157.692,45.8724,-50.2688,-7.856,248.036,271.968,-52.7253,169.914,265.646,-523.451,-521.476,-2207.54,-1098.65,-0.370815,-0.522314,-0.408964,0.700239,0.211378,0.676129,-0.654712,-0.0539591,-0.753535,0.308497,-0.00787418,0.867076,0.218945,-0.673131,0.187144,0.23341,-0.621187,-0.214,0.523479,-0.567306,0.300012
113.68,0,,35.191,10.5152,-3.92425,4.87105,-5.05099,-3.07038,23.4805,43.0538,0.0956063,-22.4375,-2.37456,18.2147,9.69181,3.97165,9.79631,9.79631,-0.189962,0.189962,-4.70232,4.70232,-1.38692,64.1401,-4.44049,-28.5454,-1.96761,-0.967681,-60.0591,-151.369,125,99.1341,-198.253,-88.869,45.8897,-337.887,-199.724,-0.949084,-22.4938,-22.9267,211.43,313.466,-48.347,19.0362,553.211,-339.369,1853.59,-453.6,575.199,-0.37173,-0.522131,-0.408659,0.70226,0.209976,0.675159,-0.656413,-0.053226,-0.752,0.307995,-0.00683621,0.86716,0.215776,-0.670035,0.201127,0.247634,-0.621557,-0.211377,0.535851,-0.557337,0.30525
113.69,0,,34.5261,11.8602,-3.80006,5.12155,-4.71178,-4.26998,23.1868,45.1052,0.491898,-20.1949,-2.39993,15.976,9.30808,5.78088,9.7414,9.7414,-0.319742,0.319742,-4.6458,4.6458,-1.47562,62.8093,-4.61044,-26.102,-1.84754,0.0487162,-33.6977,-159.656,83.9808,90.3349,-213.886,-99.5994,43.4483,-224.11,-181.14,15.1853,-25.9168,26.2935,152.824,347.655,-41.5156,-100.092,708.007,-320.315,812.536,-811.576,830.034,-0.372645,-0.522008,-0.407986,0.70419,0.20887,0.674159,-0.657977,-0.0535903,-0.750448,0.308373,-0.00518838,0.866948,0.212117,-0.666932,0.214253,0.258314,-0.621371,-0.210033,0.53653,-0.538178,0.317951
113.7,0,,33.8627,13.209,-3.67773,5.34181,-4.31189,-4.98532,22.8469,47.0884,0.843671,-17.2785,-2.35379,12.8997,8.83422,7.13031,9.69934,9.69934,-0.466521,0.466521,-4.58781,4.58781,-1.57239,60.6735,-4.84069,-23.1375,-1.74383,1.15369,-28.3324,-158.684,79.5885,57.1167,-228.997,-104.487,41.0068,-158.235,-192.892,52.6742,-14.1809,21.9647,112.805,356.44,-21.9711,-213.872,705.063,-191.395,-96.6515,-659.122,476.066,-0.373501,-0.521828,-0.407134,0.706165,0.207961,0.673021,-0.659387,-0.0546895,-0.748929,0.309028,-0.0031739,0.866597,0.207772,-0.663905,0.226693,0.265458,-0.620825,-0.21034,0.534335,-0.514498,0.336203
113.71,0,,33.1872,14.5226,-3.58285,5.53022,-3.912,-4.95588,22.4723,49.0032,1.22464,-14.4725,-2.32919,9.38902,8.33899,7.38576,9.66819,9.66819,-0.621339,0.621339,-4.52535,4.52535,-1.70947,58.4203,-5.05449,-20.0513,-1.65651,1.787,-48.8357,-140.626,76.6663,13.6934,-224.118,-150.877,66.913,-113.305,-175.784,38.1215,21.0269,-16.193,85.439,302.749,-5.85544,-86.4367,710.461,-84.9565,-207.516,-302.703,598.611,-0.374166,-0.521696,-0.406028,0.708294,0.207349,0.67161,-0.66073,-0.0560934,-0.747403,0.309277,-0.0009766,0.866427,0.203014,-0.661047,0.238294,0.26778,-0.619916,-0.213516,0.532368,-0.490436,0.35652
113.72,0,,32.4963,15.7772,-3.52471,5.6698,-3.51901,-4.10659,22.0746,50.799,1.61363,-11.4415,-2.35379,5.78609,7.83168,6.81822,9.63937,9.63937,-0.781899,0.781899,-4.46289,4.46289,-1.87074,55.7705,-5.18606,-16.9967,-1.58282,2.48895,-84.9697,-124.998,70.8038,-3.43637,-191.384,-114.752,70.3039,-70.807,-132.33,-15.1853,38.0439,-24.3696,54.199,264.659,10.2602,62.0192,608.39,-118.665,-759.788,-126.505,331.006,-0.374781,-0.52158,-0.404812,0.710673,0.207165,0.669777,-0.661888,-0.0575581,-0.745997,0.308986,0.000854565,0.866468,0.198197,-0.658438,0.249104,0.264348,-0.617626,-0.219609,0.527064,-0.465476,0.37752
113.73,0,,31.7871,16.9751,-3.50378,5.75365,-3.18393,-2.66708,21.6399,52.4869,1.93329,-8.61385,-2.38301,2.82311,7.32716,5.53321,9.60393,9.60393,-0.952796,0.952796,-4.39894,4.39894,-1.99169,53.1747,-5.29022,-14.4279,-1.56918,3.12005,-93.2641,-112.311,66.4115,-6.82068,-155.286,-103.51,42.9509,-62.4966,-75.7029,-40.9688,22.9828,2.88588,41.0136,237.322,19.0434,92.7597,336.91,-187.024,-897.501,30.7504,490.74,-0.375326,-0.521574,-0.403343,0.713211,0.207036,0.667678,-0.662875,-0.059024,-0.744728,0.308735,0.0021974,0.866448,0.193316,-0.656128,0.259302,0.256791,-0.613565,-0.227493,0.519688,-0.443511,0.396022
113.74,0,,31.0565,18.1065,-3.4968,5.80673,-2.92332,-1.01855,21.1682,54.0778,2.14056,-5.82187,-2.43377,0.988442,6.85052,4.19156,9.5463,9.5463,-1.12117,1.12117,-4.33351,4.33351,-2.04007,50.6117,-5.31763,-12.6979,-1.61284,3.99916,-99.615,-94.7148,53.2163,-3.43637,-106.445,-81.0482,-16.0953,-95.6705,-41.4863,-45.8724,10.2689,3.84784,15.1402,226.57,23.9229,-113.276,77.1529,-137.204,-875.075,-212.917,334.926,-0.375867,-0.521746,-0.401747,0.715729,0.206979,0.665495,-0.663585,-0.0603647,-0.743725,0.308548,0.00262465,0.866377,0.188302,-0.654082,0.268872,0.247575,-0.608012,-0.235795,0.508337,-0.426788,0.40988
113.75,0,,30.3076,19.2139,-3.50936,5.84016,-2.71786,0.712398,20.6596,55.5145,2.27777,-3.18992,-2.45914,-0.251603,6.42962,2.77993,9.48555,9.48555,-1.28563,1.28563,-4.26807,4.26807,-2.04813,48.1074,-5.38341,-11.3137,-1.67015,4.90041,-93.2641,-72.2574,33.1967,9.78846,-52.2516,-62.9857,-6.82694,-117.696,6.83239,3.47997,-33.643,40.5626,-1.95472,211.425,0,-319.816,-108.396,-21.9676,-697.249,-357.457,265.141,-0.376309,-0.522011,-0.400054,0.718269,0.206685,0.663271,-0.664331,-0.0616477,-0.742703,0.308851,0.00299085,0.866187,0.182997,-0.652269,0.277974,0.237321,-0.602031,-0.243669,0.495636,-0.41244,0.421717
113.76,0,,29.5372,20.2963,-3.50517,5.87095,-2.55652,2.49928,20.1278,56.6845,2.38505,-0.888851,-2.53527,-1.35491,6.01429,1.28612,9.40494,9.40494,-1.44344,1.44344,-4.20413,4.20413,-2.04007,45.6853,-5.3889,-9.92461,-1.76839,5.69094,-96.1932,-63.4834,45.9018,22.4406,-27.3338,-49.8113,1.94409,-139.182,-11.6971,18.9817,-21.0269,9.29894,-33.1947,186.513,-15.6145,-440.423,-238.765,6.82737,-357.863,-393.008,121.089,-0.376738,-0.52244,-0.398285,0.720611,0.206246,0.661221,-0.665018,-0.06287,-0.741744,0.308902,0.00286868,0.866036,0.177251,-0.650652,0.286629,0.225657,-0.59695,-0.250499,0.483319,-0.398229,0.433022
113.77,0,,28.7608,21.3534,-3.46564,5.88528,-2.39105,4.16253,19.5959,57.5615,2.52226,1.2219,-2.65369,-2.56057,5.59247,0.0055532,9.31966,9.31966,-1.60951,1.60951,-4.14018,4.14018,-2.06426,43.2162,-5.356,-8.3468,-1.85845,6.4859,-103.037,-55.6574,29.7844,38.0604,-13.1695,-55.1649,14.1512,-121.615,-26.8376,3.47997,-27.3838,4.80979,-62.0179,172.352,-30.7543,-472.644,-383.802,-42.9639,-377.92,-524.962,-120.641,-0.377227,-0.522868,-0.396454,0.722741,0.205573,0.659385,-0.665692,-0.064152,-0.74077,0.308541,0.00268562,0.866052,0.171278,-0.649161,0.294884,0.2137,-0.593612,-0.255451,0.470977,-0.382471,0.44412
113.78,0,,27.995,22.393,-3.41447,5.88846,-2.18008,5.552,19.0665,58.1807,2.66968,3.14342,-2.7352,-4.03816,5.11954,-0.860746,9.2371,9.2371,-1.7595,1.7595,-4.07772,4.07772,-2.10458,40.7494,-5.35052,-6.49994,-1.9567,7.31407,-105.473,-43.4565,33.6867,10.2571,-9.75868,-23.9281,34.1799,-56.1456,-44.4379,6.80177,-20.0489,16.193,-95.7102,163.076,-44.4433,-370.601,-534.672,-62.0177,-649.397,-510.3,-286.648,-0.377588,-0.52335,-0.394679,0.724656,0.204725,0.657757,-0.666296,-0.0656774,-0.739787,0.308244,0.00274673,0.866014,0.165168,-0.647916,0.302747,0.202772,-0.592569,-0.258013,0.459182,-0.364514,0.454666
113.79,0,,27.2216,23.3836,-3.36238,5.87519,-1.97875,6.56025,18.537,58.5487,2.82075,4.71134,-2.79364,-5.55168,4.62245,-1.2006,9.14831,9.14831,-1.89043,1.89043,-4.01675,4.01675,-2.15296,38.4798,-5.33956,-4.64942,-2.09588,8.17768,-115.246,-48.8278,43.4515,-10.7256,-21.9807,-13.1744,79.1201,35.1332,-48.8106,-17.0835,-13.2029,-6.89404,-114.262,158.191,-73.7205,-274.916,-626.002,-48.3343,-804.166,-411.173,-297.401,-0.377721,-0.524036,-0.392798,0.726366,0.203627,0.656354,-0.666717,-0.0672638,-0.738925,0.307868,0.00280768,0.865986,0.159068,-0.647016,0.31014,0.193738,-0.593606,-0.257524,0.448466,-0.346467,0.46336
113.8,0,,26.4681,24.3326,-3.33726,5.84866,-1.81328,7.06805,18.0121,58.6875,2.98131,5.95054,-2.8144,-6.81439,4.19319,-0.904061,9.05563,9.05563,-2.00666,2.00666,-3.95726,3.95726,-2.21747,36.4121,-5.35052,-3.05579,-2.21049,9.12764,-116.204,-44.4287,36.137,-32.6976,-37.0925,-36.1249,41.0068,82.4956,-71.2755,-21.9871,13.6919,-16.193,-118.669,145.507,-93.7398,-310.062,-612.316,-7.79863,-761.683,-350.061,-218.766,-0.377766,-0.524807,-0.39095,0.728048,0.202459,0.654926,-0.666956,-0.0687281,-0.738248,0.307443,0.00317392,0.866052,0.153205,-0.646267,0.317274,0.187022,-0.596408,-0.253554,0.437834,-0.330527,0.469513
113.81,0,,25.6932,25.2188,-3.33494,5.81681,-1.73468,7.19169,17.4733,58.5927,3.09152,6.89562,-2.79902,-7.79189,3.82711,-0.13883,8.94464,8.94464,-2.10497,2.10497,-3.89778,3.89778,-2.24972,34.4899,-5.37245,-1.76042,-2.36605,10.1285,-116.697,-41.5121,26.3722,-24.4191,-46.3774,-51.7665,0,59.5914,-55.1511,-17.5581,45.8679,-9.29894,-106.443,131.838,-112.308,-337.406,-429.712,26.3668,-630.92,-271.953,-191.882,-0.377708,-0.525788,-0.389061,-0.729718,-0.201184,-0.65348,-0.667073,-0.0698262,-0.737753,0.307335,0.00335718,0.86597,0.147774,-0.645602,0.324235,0.181834,-0.60056,-0.246535,0.426914,-0.317042,0.473793
113.82,0,,24.906,26.0686,-3.33447,5.79134,-1.71676,7.06217,16.9161,58.2997,3.16888,7.60281,-2.7675,-8.46387,3.52514,0.859635,8.83483,8.83483,-2.18629,2.18629,-3.90373,3.90373,-2.24972,32.6568,-5.40534,-0.842472,-2.5871,11.1339,-123.047,-48.8278,24.412,-6.35208,-7.81642,-82.0258,-11.7098,-4.39166,-42.4701,5.37814,16.1369,17.6359,-118.172,97.1566,-122.569,-282.214,-179.714,18.054,-452.62,-162.056,1.4562,-0.377584,-0.526823,-0.387167,-0.731346,-0.199957,-0.651998,-0.667153,-0.0706828,-0.737348,0.307456,0.00347925,0.865844,0.142707,-0.644868,0.331071,0.177438,-0.605802,-0.237316,0.415307,-0.306536,0.4772
113.83,0,,24.1219,26.892,-3.34098,5.76639,-1.65884,6.86935,16.3542,57.8502,3.23456,8.22674,-2.78595,-8.74595,3.18322,1.80923,8.72773,8.72773,-2.25313,2.25313,-3.9067,3.9067,-2.24972,30.7604,-5.41631,-0.293404,-2.81633,12.0285,-119.133,-57.6261,22.4699,-4.37356,36.145,-46.8785,9.26836,-75.1987,-33.1781,-1.42363,-30.8068,-4.32881,-103.991,88.864,-116.687,-230.957,80.588,-6.82737,-269.582,-151.416,-33.7166,-0.377403,-0.527863,-0.385399,-0.732932,-0.198797,-0.650471,-0.667406,-0.0717214,-0.736747,0.307514,0.00335714,0.865714,0.138257,-0.643977,0.338042,0.17268,-0.611431,-0.227066,0.401946,-0.299216,0.480809
113.84,0,,23.3654,27.7053,-3.36238,5.71863,-1.50992,6.77367,15.8386,57.3368,3.36301,8.92852,-2.77672,-8.69047,2.77904,2.5056,8.63194,8.63194,-2.31216,2.31216,-3.90819,3.90819,-2.27391,28.7114,-5.45468,-0.0170442,-3.01555,12.7659,-130.384,-56.1435,21.9799,-28.324,61.0154,27.3497,48.3311,-51.281,10.2759,-3.00543,-28.3618,-17.6359,-114.76,79.0957,-119.14,-207.044,212.866,22.9388,-258.843,-316.846,-68.3294,-0.377233,-0.528798,-0.383826,-0.734525,-0.197395,-0.64895,-0.667676,-0.0728774,-0.736037,0.307509,0.00360124,0.865578,0.134409,-0.64299,0.345178,0.166998,-0.616781,-0.217109,0.386497,-0.294328,0.48538
113.85,0,,22.6378,28.4997,-3.40005,5.6491,-1.29894,6.89143,15.3438,56.7837,3.49146,9.59245,-2.73597,-8.38027,2.34793,2.71329,8.53069,8.53069,-2.35879,2.35879,-3.90819,3.90819,-2.30617,26.6108,-5.50402,0.0864386,-3.18475,13.2154,-128.905,-66.4,18.0594,-32.6976,45.9037,30.2825,23.9169,35.6738,30.7731,-3.00543,-16.6259,5.4511,-105.484,101.549,-120.116,-143.075,240.728,80.5572,-229.942,-439.977,-114.704,-0.377091,-0.529746,-0.382401,-0.736077,-0.195571,-0.64757,-0.667812,-0.0742827,-0.73538,0.307511,0.00402853,0.865463,0.13105,-0.641944,0.352498,0.159678,-0.621498,-0.208082,0.370386,-0.291157,0.491548
113.86,0,,21.9256,29.264,-3.44052,5.58647,-1.11279,7.1755,14.8605,56.1733,3.59728,10.0747,-2.67368,-7.96145,1.9261,2.35567,8.43138,8.43138,-2.3937,2.3937,-3.91414,3.91414,-2.33036,24.6041,-5.55884,0.16192,-3.37851,13.2641,-114.26,-52.2547,-0.980109,-32.229,32.2131,-0.488803,-15.1459,113.305,29.2973,-10.2817,-4.88997,7.37502,-104.986,133.806,-99.1205,-192.38,176.77,17.5683,-180.669,-406.761,-87.372,-0.376858,-0.530739,-0.381009,-0.737542,-0.193435,-0.646349,-0.667824,-0.0755659,-0.734844,0.307633,0.00433372,0.865279,0.12824,-0.640712,0.359878,0.150949,-0.625466,-0.199719,0.355548,-0.288467,0.499843
113.87,0,,21.2103,29.9893,-3.47819,5.54667,-0.962488,7.50521,14.3981,55.477,3.74105,10.3613,-2.63754,-7.52075,1.54515,1.55601,8.32585,8.32585,-2.40863,2.40863,-3.92008,3.92008,-2.35455,22.6889,-5.59173,0.262968,-3.575,12.912,-110.346,-57.14,3.90229,-42.0175,14.638,2.44401,-24.4142,117.156,28.3134,-21.038,17.6039,-32.2256,-106.443,162.584,-104,-225.576,108.396,33.1942,-119.551,-278.31,-34.1647,-0.376545,-0.531826,-0.379719,-0.73887,-0.191294,-0.645237,-0.667926,-0.0764791,-0.734273,0.307573,0.00457788,0.865159,0.125922,-0.639252,0.367266,0.141363,-0.629175,-0.191353,0.342192,-0.28573,0.510236
113.88,0,,20.5118,30.6518,-3.49633,5.52969,-0.827353,7.81872,13.9703,54.6617,3.87388,10.5635,-2.69368,-7.04567,1.15677,0.576422,8.21448,8.21448,-2.41438,2.41438,-3.92603,3.92603,-2.37067,20.7808,-5.54788,0.348189,-3.79332,12.3628,-90.3351,-48.3417,14.1571,-54.6696,-6.8216,-13.6632,-28.3024,103.508,14.1567,-53.7814,6.35696,-4.32881,-106.443,185.564,-84.9566,-233.884,55.1793,3.9136,-99.1784,-194.882,12.6577,-0.376181,-0.532989,-0.378439,-0.73997,-0.189403,-0.644262,-0.668124,-0.0772744,-0.733618,0.307204,0.00415059,0.865153,0.124211,-0.637534,0.374525,0.131357,-0.63298,-0.182569,0.329121,-0.282976,0.52176
113.89,0,,19.8438,31.2715,-3.48936,5.51907,-0.721176,8.06453,13.5472,53.7098,3.95708,10.6554,-2.79825,-6.5831,0.776757,-0.449809,8.11868,8.11868,-2.42311,2.42311,-3.92901,3.92901,-2.34648,18.9078,-5.46564,0.440715,-4.03893,11.6897,-82.9988,-48.8278,3.41223,-69.3522,-31.2657,-16.596,-48.8284,101.076,38.0974,-41.9179,-4.40097,8.81796,-118.172,200.181,-74.6964,-204.589,28.7892,-11.7122,-53.6953,-44.8929,0.448062,-0.375746,-0.534076,-0.37715,-0.740879,-0.187875,-0.64334,-0.66843,-0.0780679,-0.732887,0.306908,0.00329615,0.865117,0.122994,-0.635663,0.381556,0.121282,-0.637052,-0.172981,0.316547,-0.279985,0.533845
113.9,0,,19.2019,31.8359,-3.48936,5.50156,-0.681188,8.22055,13.131,52.6191,3.98044,10.6868,-2.91206,-6.1174,0.445985,-1.33055,8.03223,8.03223,-2.43643,2.43643,-3.93198,3.93198,-2.26585,17.0443,-5.36697,0.512544,-4.30364,11.0497,-68.3536,-35.6548,-0.980109,-79.6093,-35.6239,4.88803,-2.93875,185.531,33.1781,3.95452,5.86796,-2.88588,-123.538,210.933,-66.8892,-200.183,-20.9921,-33.6798,-18.4775,67.3394,36.6291,-0.375263,-0.535122,-0.375812,-0.741779,-0.18665,-0.642289,-0.668679,-0.0786178,-0.732281,0.306833,0.00201422,0.865016,0.122261,-0.633766,0.388268,0.111396,-0.641461,-0.162425,0.303845,-0.276928,0.545554
113.91,0,,18.5936,32.3501,-3.49773,5.47237,-0.745997,8.27207,12.7726,51.4182,4.02641,10.7441,-3.04355,-5.47433,0.217418,-1.91585,7.95512,7.95512,-2.44309,2.44309,-3.93496,3.93496,-2.17715,15.1455,-5.2354,0.427323,-4.57654,10.6024,-62.4955,-26.8565,6.84261,-58.5745,-31.2657,-25.8833,37.1186,228.974,-41.9782,34.167,29.8288,-42.9675,-126.453,215.818,-84.4819,-222.179,-48.8544,3.42797,55.5904,19.073,67.4333,-0.374658,-0.536168,-0.374475,-0.7426,-0.185681,-0.641215,-0.668906,-0.0784327,-0.731835,0.306645,0.000488289,0.865003,0.121895,-0.631998,0.394617,0.101873,-0.64591,-0.150948,0.289934,-0.274918,0.556063
113.92,0,,17.9791,32.8139,-3.50703,5.40868,-0.888026,8.22938,12.4304,50.1005,4.14319,10.7635,-3.18889,-4.79453,0.0780474,-2.24349,7.88035,7.88035,-2.44585,2.44585,-3.93644,3.93644,-2.12877,13.2467,-5.09286,0.286099,-4.83034,10.288,-70.3245,-33.6861,0.490055,-42.4861,-3.4108,-36.6137,25.4089,136.209,-82.5353,29.738,29.3398,-16.674,-129.402,220.702,-83.0048,-181.652,-41.4935,20.9963,144.03,-17.1268,46.8225,-0.374044,-0.5372,-0.37319,-0.743402,-0.184828,-0.640062,-0.669227,-0.077641,-0.731425,0.306172,-0.000854546,0.865106,0.121649,-0.630585,0.400471,0.092657,-0.650614,-0.138558,0.275534,-0.273275,0.565534
113.93,0,,17.3693,33.2111,-3.51959,5.29298,-1.02592,8.06158,12.109,48.6683,4.31396,10.7473,-3.36037,-4.15302,-0.0455276,-2.33234,7.80013,7.80013,-2.45825,2.45825,-3.9409,3.9409,-2.12877,11.3621,-4.92292,0.150963,-5.05957,10.0555,-73.2535,-33.6861,1.96022,-22.4406,32.7342,-56.6313,3.88819,-6.35101,-70.2916,5.37814,23.9608,-25.8126,-126.95,214.834,-77.6242,-137.222,18.5385,0.971258,176.247,-69.2856,32.2604,-0.373561,-0.538185,-0.371913,-0.74423,-0.184211,-0.638757,-0.669522,-0.0767243,-0.731048,0.305246,-0.00213629,0.865381,0.121525,-0.6296,0.405715,0.0840482,-0.65554,-0.125187,0.260997,-0.271557,0.574243
113.94,0,,16.7594,33.5417,-3.53494,5.1396,-1.13485,7.79811,11.7807,47.1346,4.45555,10.6532,-3.55414,-3.58808,-0.189544,-2.27237,7.71095,7.71095,-2.46652,2.46652,-3.94685,3.94685,-2.10458,9.52901,-4.72556,0.0706118,-5.28608,9.85174,-74.2116,-28.8009,-7.33267,-42.9547,83.991,-52.2553,-28.3024,-81.5497,-55.643,5.37814,-11.7359,10.7419,-123.041,197.265,-64.4626,-107.424,103.488,-10.741,200.252,-101.593,13.2178,-0.373124,-0.539208,-0.370683,-0.745033,-0.183481,-0.637483,-0.669768,-0.0759921,-0.730683,0.30427,-0.00366223,0.865691,0.121404,-0.629113,0.410294,0.0758101,-0.6605,-0.11103,0.246899,-0.269422,0.582425
113.95,0,,16.1633,33.8283,-3.54796,4.93527,-1.19277,7.49196,11.4662,45.5239,4.57159,10.4683,-3.71716,-3.1005,-0.381875,-2.16575,7.62917,7.62917,-2.48489,2.48489,-3.9528,3.9528,-2.0562,7.77342,-4.5611,0.0426106,-5.50986,9.61481,-79.577,-23.4296,-18.5495,-57.6373,122.552,-25.8833,-11.2125,-60.5373,-29.2973,29.2634,-28.8508,10.2609,-116.217,166.519,-57.6049,-124.509,147.436,-8.79845,242.734,-65.3932,0,-0.372719,-0.540156,-0.369423,-0.745856,-0.182573,-0.636227,-0.670032,-0.075506,-0.730217,0.303659,-0.00512711,0.865871,0.121467,-0.629003,0.414452,0.0678129,-0.665372,-0.0963785,0.233591,-0.266856,0.590417
113.96,0,,15.5519,34.0722,-3.57634,4.68795,-1.19966,7.19316,11.1495,43.8845,4.72996,10.2261,-3.82789,-2.6895,-0.581639,-2.07134,7.53688,7.53688,-2.49937,2.49937,-3.95875,3.95875,-2.04007,6.08355,-4.45146,0.0426106,-5.68997,9.34244,-70.7899,-17.5722,-14.6472,-53.2117,139.18,-36.6137,29.2971,15.6073,-5.35659,21.038,-15.6479,-15.0707,-97.6649,146.49,-60.559,-151.382,108.396,39.5645,228.521,-97.7005,-19.4907,-0.372404,-0.541118,-0.368253,-0.74679,-0.181219,-0.63497,-0.670333,-0.0751393,-0.729663,0.303166,-0.00598153,0.866041,0.121711,-0.629186,0.418359,0.0598791,-0.670206,-0.0818531,0.220904,-0.264059,0.598192
113.97,0,,14.9467,34.2872,-3.61075,4.43744,-1.20242,6.8561,10.8419,42.1834,4.91898,9.86062,-3.89787,-2.30819,-0.747954,-2.00026,7.44848,7.44848,-2.50718,2.50718,-3.96321,3.96321,-2.04007,4.4899,-4.36923,0.0450455,-5.82915,8.99478,-59.0737,0.972181,-11.235,-35.6654,138.659,-11.2192,30.2917,79.1174,3.44353,2.37271,-2.44498,-6.89404,-89.846,123.053,-58.106,-92.7597,126.934,91.7838,295.956,-107.951,28.3399,-0.372143,-0.542009,-0.36726,-0.747773,-0.17939,-0.633816,-0.670551,-0.074587,-0.729207,0.302681,-0.00653092,0.866232,0.122198,-0.62936,0.422076,0.0518223,-0.674971,-0.0670821,0.209057,-0.261245,0.605869
113.98,0,,14.3231,34.4481,-3.65215,4.17632,-1.23551,6.43955,10.5367,40.403,5.12844,9.37078,-3.96554,-1.98704,-0.856663,-1.97361,7.33983,7.33983,-2.51246,2.51246,-3.96618,3.96618,-2.0562,2.9831,-4.29248,0.0718292,-5.94104,8.51426,-54.6938,-2.94085,-28.3143,-17.5984,92.2811,0.488803,15.6432,48.3082,41.9782,-11.2308,-8.80194,7.856,-95.2126,118.661,-51.7494,80.5509,209.485,85.4421,347.124,-34.1238,7.84108,-0.372038,-0.542949,-0.366361,-0.748823,-0.177134,-0.632727,-0.670809,-0.0737341,-0.728795,0.30214,-0.00695838,0.866441,0.123053,-0.629488,0.425681,0.0438865,-0.679723,-0.0517605,0.198191,-0.25813,0.61386
113.99,0,,13.6903,34.5662,-3.69866,3.92104,-1.29343,5.91556,10.2269,38.6028,5.30652,8.87337,-3.99937,-1.6698,-0.930994,-1.93585,7.21989,7.21989,-2.50649,2.50649,-3.96767,3.96767,-2.04813,1.5068,-4.23766,0.133919,-6.04474,7.9496,-63.9737,-25.3982,-48.824,-7.34134,48.3197,8.30965,-13.2018,-31.755,45.9137,-8.85812,-10.7579,29.8207,-101.574,120.594,-32.2313,76.1786,302.232,1.94252,322.33,91.7321,26.3236,-0.371914,-0.543984,-0.365504,-0.74986,-0.17457,-0.63175,-0.670992,-0.0727575,-0.72849,0.3019,-0.00738575,0.866574,0.124337,-0.629496,0.429288,0.0364412,-0.683959,-0.0358918,0.187812,-0.254525,0.622152
114,0,,13.0438,34.6542,-3.76052,3.71459,-1.32928,5.3739,9.91243,36.84,5.46489,8.4203,-4.02706,-1.2377,-1.01555,-1.96139,7.09333,7.09333,-2.48099,2.48099,-3.97065,3.97065,-2.01588,0.0469409,-4.19928,0.115657,-6.14845,7.33179,-62.4955,-30.7695,-61.5291,-14.162,17.1014,14.6408,-18.5367,-33.7144,40.9943,1.89817,-22.0048,4.32881,-101.077,126.954,-39.0626,-39.0479,313.955,44.9349,397.029,205.521,71.2418,-0.371737,-0.545092,-0.364779,-0.750898,-0.171885,-0.630774,-0.671259,-0.0718443,-0.728087,0.301898,-0.00781296,0.866629,0.125984,-0.629126,0.432948,0.0290536,-0.68758,-0.0203863,0.177442,-0.251361,0.630599
114.01,0,,12.3988,34.7372,-3.82099,3.54157,-1.34859,4.93969,9.58409,35.1014,5.62253,8.02345,-4.02244,-0.660263,-1.10846,-2.088,6.98507,6.98507,-2.43115,2.43115,-3.97511,3.97511,-1.9675,-1.42466,-4.1938,-0.043828,-6.24396,6.73391,-49.3284,-38.5713,-67.3916,-40.0389,3.4108,-6.35444,4.38552,81.0767,56.1349,13.6035,-13.6919,3.36686,-107.901,125.478,-29.3036,-55.1917,251.96,113.294,445.829,235.364,37.6372,-0.371362,-0.546179,-0.364221,-0.751816,-0.1692,-0.629861,-0.671539,-0.0709871,-0.727633,0.302141,-0.0080571,0.866626,0.127872,-0.628617,0.436535,0.0211191,-0.690889,-0.00585965,0.166572,-0.249157,0.638944
114.02,0,,11.7813,34.8114,-3.87541,3.37863,-1.38857,4.58055,9.27426,33.3717,5.80498,7.70446,-3.98092,0.0492267,-1.18186,-2.22128,6.89745,6.89745,-2.37533,2.37533,-3.98106,3.98106,-1.94331,-2.94085,-4.21573,-0.351842,-6.34221,6.20024,-40.5139,-48.3417,-59.0788,-58.1059,-6.8216,0,-0.994653,206.07,24.4326,7.75085,-4.40097,-5.4511,-120.588,126.954,-13.1879,-20.987,161.121,109.866,413.612,137.144,22.9632,-0.370884,-0.547169,-0.363742,-0.752621,-0.166761,-0.628955,-0.671767,-0.0699477,-0.727249,0.302433,-0.00805674,0.866588,0.129646,-0.628272,0.439723,0.01294,-0.69406,0.00799594,0.154854,-0.247999,0.647007
114.03,0,,11.1989,34.8554,-3.92704,3.20349,-1.52647,4.20668,8.97598,31.5979,6.01663,7.34438,-3.92632,0.805599,-1.15399,-2.30125,6.83631,6.83631,-2.31032,2.31032,-3.98552,3.98552,-1.92718,-4.39837,-4.23766,-0.729249,-6.42953,5.69758,-37.5849,-51.7687,-64.4512,-37.1232,9.75868,16.1072,1.44677,272.958,10.7678,-8.85812,7.33495,4.32881,-135.267,138.655,14.6386,-4.87678,92.747,98.1541,397.977,30.2314,-40.9977,-0.370206,-0.548075,-0.363308,-0.753322,-0.164495,-0.628074,-0.671967,-0.0684235,-0.727023,0.302629,-0.00787397,0.866625,0.131296,-0.628462,0.442169,0.00500518,-0.697064,0.0219129,0.143437,-0.247383,0.654745
114.04,0,,10.6288,34.8528,-3.9875,3.02517,-1.73055,3.75775,8.70314,29.78,6.23777,6.86102,-3.87788,1.50493,-1.05457,-2.32124,6.78218,6.78218,-2.232,2.232,-3.99147,3.99147,-1.91105,-5.71271,-4.27055,-1.08109,-6.51413,5.18163,-51.7647,-60.5426,-46.3918,-27.8554,12.222,5.86563,13.2018,220.191,-6.83239,-9.8072,2.44498,15.5517,-147.457,132.33,23.9229,26.8391,70.828,72.7586,365.76,-12.1963,-82.5554,-0.369414,-0.548993,-0.362944,-0.753963,-0.162366,-0.627183,-0.672281,-0.0664712,-0.726788,0.302927,-0.00769068,0.866667,0.132699,-0.629193,0.443817,-0.00244153,-0.699864,0.0361957,0.133305,-0.24665,0.662129
114.05,0,,10.0816,34.8026,-4.04239,2.85215,-1.99668,3.25289,8.46961,27.9291,6.44139,6.23061,-3.84789,2.11362,-0.938427,-2.2968,6.73779,6.73779,-2.14563,2.14563,-3.99593,3.99593,-1.84655,-6.85572,-4.27603,-1.38302,-6.65058,4.65683,-55.1865,-64.9417,-39.0592,-45.4018,13.1695,-7.33204,-31.7385,101.076,-21.481,-7.75085,-5.86796,8.33698,-128.905,140.13,34.1831,29.7988,82.9871,33.1942,401.293,-16.6078,-49.2868,-0.368429,-0.549958,-0.362509,-0.754454,-0.160535,-0.626331,-0.672622,-0.0641493,-0.726578,0.30336,-0.00793497,0.866621,0.134041,-0.630345,0.444788,-0.00927785,-0.702492,0.050784,0.124826,-0.245685,0.669178
114.06,0,,9.55738,34.707,-4.0996,2.68497,-2.20076,2.68769,8.2962,26.065,6.66252,5.42934,-3.81021,2.61996,-0.876175,-2.21128,6.68677,6.68677,-2.06179,2.06179,-4.00039,4.00039,-1.77397,-7.79924,-4.29796,-1.62894,-6.77885,4.13645,-66.9027,-65.4278,-49.8041,-72.268,35.1502,-6.84324,-45.3923,54.1863,-16.6164,-9.33266,-10.2689,9.29894,-113.267,129.378,42.4915,21.4915,118.646,81.0429,495.576,-56.181,-38.5333,-0.367467,-0.550956,-0.362034,-0.754848,-0.159246,-0.625388,-0.67306,-0.061953,-0.726162,0.303967,-0.00811798,0.866549,0.135324,-0.631696,0.445282,-0.0155645,-0.704981,0.0655541,0.118108,-0.244578,0.675626
114.07,0,,9.06522,34.5914,-4.16286,2.55547,-2.32762,2.07832,8.1644,24.2096,6.87271,4.54049,-3.79637,2.89734,-0.90312,-2.11355,6.63809,6.63809,-1.97289,1.97289,-4.00336,4.00336,-1.68527,-8.62774,-4.29796,-1.68494,-6.92621,3.59171,-72.2681,-51.7687,-63.4711,-82.525,73.2375,-16.596,-6.32961,150.87,-0.983864,-1.42363,-18.0929,2.4049,-75.701,114.761,51.7494,54.6872,178.242,65.9312,490.68,-11.2881,-119.632,-0.366424,-0.551986,-0.361541,-0.755111,-0.158579,-0.624366,-0.673516,-0.0601244,-0.725583,0.304572,-0.00854511,0.866474,0.136606,-0.63298,0.445527,-0.0213632,-0.707367,0.0803868,0.112858,-0.242073,0.681785
114.08,0,,8.59598,34.4644,-4.2289,2.46525,-2.44345,1.44099,8.09503,22.3675,7.11939,3.5554,-3.7633,2.95595,-0.969088,-2.00915,6.59409,6.59409,-1.88492,1.88492,-4.00782,4.00782,-1.58851,-9.33186,-4.30344,-1.55224,-7.10087,3.0359,-73.2535,-44.4287,-58.0987,-53.7324,115.73,-21.9728,47.3817,247.554,-22.4649,3.95452,-3.42298,5.4511,-68.3441,76.6711,51.7494,43.4538,216.301,65.9312,428.299,79.1465,-76.6186,-0.365249,-0.553061,-0.360915,-0.755277,-0.158392,-0.623253,-0.673963,-0.0581676,-0.724928,0.305249,-0.00897253,0.866368,0.137824,-0.634184,0.445577,-0.0266746,-0.709654,0.0952838,0.109076,-0.238234,0.687662
114.09,0,,8.14815,34.2859,-4.29402,2.40952,-2.58134,0.834566,8.10428,20.5342,7.39964,2.4903,-3.70563,2.97314,-1.02112,-1.92141,6.53529,6.53529,-1.80498,1.80498,-4.01229,4.01229,-1.48369,-9.91393,-4.30892,-1.40615,-7.28644,2.50446,-88.8569,-63.9695,-47.8438,-21.5034,143.064,16.596,51.2698,247.081,-25.4165,-5.37814,4.40097,9.77991,-70.7964,37.5977,32.2313,31.7495,215.81,72.7586,541.059,161.666,26.3236,-0.364099,-0.554236,-0.360131,-0.755355,-0.15864,-0.622107,-0.674339,-0.0558491,-0.724329,0.305981,-0.00939978,0.866244,0.139291,-0.635174,0.445464,-0.0318016,-0.711843,0.109749,0.106267,-0.234507,0.693146
114.1,0,,7.71254,34.0546,-4.37728,2.40315,-2.74268,0.304683,8.17365,18.7208,7.71054,1.46304,-3.6964,2.96298,-1.08988,-1.91585,6.45857,6.45857,-1.73676,1.73676,-4.01675,4.01675,-1.38692,-10.4866,-4.27055,-1.23327,-7.51841,1.96858,-79.577,-60.0565,-72.7459,-3.43637,120.136,37.1025,28.7997,181.139,-19.0214,-6.32723,35.5989,21.0028,-90.3436,-13.6687,16.1157,63.9699,222.189,100.097,745.101,353.564,59.0321,-0.362928,-0.555562,-0.359082,-0.75556,-0.158828,-0.620905,-0.674767,-0.0533466,-0.723658,0.306412,-0.0101323,0.866193,0.141057,-0.635826,0.445267,-0.0369282,-0.713905,0.123542,0.103642,-0.230539,0.698697
114.11,0,,7.27541,33.7655,-4.46612,2.43234,-2.87092,-0.189875,8.2777,16.9426,8.00539,0.688806,-3.74715,2.9872,-1.19858,-1.91141,6.35849,6.35849,-1.66165,1.66165,-4.0227,4.0227,-1.26597,-11.247,-4.16091,-1.09083,-7.76402,1.47034,-73.2535,-55.6574,-64.4512,-1.45785,55.6624,-22.4617,12.2071,114.724,10.2759,-17.0835,38.0439,23.8886,-106.443,-54.1828,6.35658,120.608,230.968,87.8988,785.215,474.62,0,-0.361782,-0.557048,-0.357998,-0.755786,-0.158702,-0.619852,-0.675152,-0.0509065,-0.722945,0.306649,-0.0114749,0.866235,0.143197,-0.636206,0.445033,-0.0418728,-0.715805,0.136666,0.0993078,-0.226449,0.704432
114.12,0,,6.83216,33.4361,-4.56426,2.47533,-3.00053,-0.668242,8.40024,15.2305,8.24258,0.299528,-3.84558,3.11926,-1.34539,-1.85366,6.24439,6.24439,-1.58011,1.58011,-4.03162,4.03162,-1.08051,-12.3009,-3.98548,-1.04335,-8.06148,1.03854,-82.5061,-51.2583,-70.8038,-4.37356,59.5469,-60.5417,7.32426,67.9017,5.84853,-10.2817,13.2029,20.5218,-116.217,-65.427,6.83135,170.889,255.886,56.6472,662.031,509.262,-103.054,-0.360625,-0.558639,-0.356901,-0.756,-0.158634,-0.618789,-0.675493,-0.0484021,-0.722247,0.306956,-0.0136113,0.866178,0.145761,-0.636394,0.444853,-0.0463897,-0.717453,0.149118,0.0922295,-0.222608,0.71043
114.13,0,,6.37057,33.0842,-4.64845,2.51301,-3.1012,-1.13778,8.55747,13.6373,8.46226,0.223835,-3.95939,3.44431,-1.52564,-1.74926,6.11198,6.11198,-1.50178,1.50178,-4.03905,4.03905,-0.838606,-13.5448,-3.77716,-1.16266,-8.36986,0.655454,-67.8608,-36.6269,-68.8436,-35.6654,81.5276,-74.717,18.0846,33.7144,14.6486,9.33266,-4.88997,-3.36686,-106.443,-61.0347,8.3084,188.95,250.488,4.39923,471.729,417.92,-192.331,-0.359588,-0.560289,-0.355804,-0.756104,-0.158765,-0.617726,-0.675827,-0.0457184,-0.721484,0.307457,-0.0162366,0.866031,0.148507,-0.636452,0.44479,-0.0504169,-0.718654,0.160772,0.0831359,-0.219742,0.716543
114.14,0,,5.88146,32.7184,-4.74612,2.56555,-3.17979,-1.6235,8.7147,12.1632,8.7031,0.271413,-4.08088,3.96002,-1.71054,-1.65263,5.96089,5.96089,-1.41633,1.41633,-4.04649,4.04649,-0.604764,-14.7958,-3.57432,-1.44511,-8.6564,0.256867,-60.5519,-22.9435,-77.6283,-22.9612,140.127,-69.3402,32.2358,26.3499,10.7678,28.7889,0,-19.5598,-95.7102,-43.9577,0.975907,152.357,193.836,-21.9676,415.507,336.438,-259.764,-0.358672,-0.561996,-0.354826,-0.756208,-0.159006,-0.616552,-0.67624,-0.0429708,-0.720615,0.307932,-0.0187994,0.865873,0.151498,-0.636207,0.444972,-0.0540185,-0.719331,0.17176,0.073735,-0.218031,0.722701
114.15,0,,5.38166,32.3501,-4.84752,2.62712,-3.23771,-2.1004,8.86731,10.7926,8.98116,0.287633,-4.20776,4.60622,-1.89822,-1.62709,5.80629,5.80629,-1.3256,1.3256,-4.05541,4.05541,-0.411239,-15.9083,-3.35504,-1.81886,-8.92112,-0.194865,-46.8647,-4.88521,-80.0785,25.4083,204.601,-40.5241,77.6282,7.83742,12.189,17.0835,-21.0269,-8.33698,-69.8368,-6.85191,25.4,106.448,129.388,25.8812,553.693,238.737,-247.554,-0.357805,-0.563687,-0.35396,-0.756342,-0.159008,-0.615402,-0.676601,-0.0402237,-0.719755,0.308114,-0.0212408,0.865808,0.154549,-0.635836,0.445214,-0.0574378,-0.719468,0.18208,0.0654331,-0.217113,0.728798
114.16,0,,4.86046,31.9591,-4.93729,2.6855,-3.28046,-2.55963,9.02916,9.48598,9.31469,0.274657,-4.31772,5.21022,-2.08033,-1.66374,5.63845,5.63845,-1.24084,1.24084,-4.06285,4.06285,-0.249969,-16.9152,-3.15768,-2.13296,-9.15854,-0.693099,-30.2759,0.486091,-82.5107,25.4083,213.886,-51.7665,48.3311,-26.8229,22.9568,18.5071,0.488997,21.0028,-49.33,45.8902,44.4433,68.8466,121.1,59.5609,595.228,104.058,-347.696,-0.357072,-0.565395,-0.353105,-0.756506,-0.158638,-0.614349,-0.676969,-0.0373551,-0.718841,0.30817,-0.0233767,0.865792,0.157601,-0.63547,0.445336,-0.0607328,-0.719272,0.191842,0.0582315,-0.215774,0.73473
114.17,0,,4.31481,31.5556,-4.99961,2.72,-3.30803,-3.07627,9.17021,8.27847,9.64091,0.225997,-4.43922,5.50245,-2.25315,-1.7637,5.4562,5.4562,-1.15149,1.15149,-4.07028,4.07028,-0.0806352,-17.7812,-2.94388,-2.18044,-9.3714,-1.31091,-24.9106,-3.42694,-96.1959,-11.7149,193.373,-61.0305,8.77103,-41.4843,44.4379,17.0835,-2.44498,9.77991,-31.7375,76.1792,81.053,59.0931,162.103,13.6833,573.75,173.344,-441.901,-0.356472,-0.56712,-0.352382,-0.756582,-0.157786,-0.613567,-0.677267,-0.0344859,-0.717979,0.30812,-0.0256359,0.865823,0.160535,-0.635302,0.445346,-0.0631745,-0.718969,0.201243,0.0528596,-0.212293,0.740584
114.18,0,,3.75539,31.1446,-5.06985,2.73963,-3.2777,-3.62234,9.302,7.17453,9.95766,0.117865,-4.54995,5.48448,-2.5003,-1.90697,5.26421,5.26421,-1.05846,1.05846,-4.07623,4.07623,0.0886987,-18.4877,-2.71912,-1.97835,-9.59518,-1.99736,-6.35083,-3.42694,-107.903,-48.3175,176.272,-69.3402,3.88819,-3.91871,40.9943,20.5635,-25.4278,-12.1848,-18.5521,88.864,108.405,83.0061,248.034,-26.3668,439.038,282.722,-504.854,-0.355917,-0.568881,-0.351705,-0.756737,-0.156621,-0.612812,-0.67744,-0.0318609,-0.717114,0.308061,-0.0280166,0.865769,0.163033,-0.63553,0.444969,-0.0647599,-0.718707,0.210149,0.0493187,-0.20698,0.746128
114.19,0,,3.18223,30.7599,-5.14148,2.72053,-3.20737,-4.13015,9.41299,6.19839,10.3262,-0.0583917,-4.633,5.33602,-2.75303,-2.08467,5.08936,5.08936,-0.9652,0.9652,-4.08367,4.08367,0.217715,-19.0087,-2.51628,-1.66668,-9.78075,-2.67053,-2.92905,-20.0269,-117.196,-33.6869,184.562,-35.1472,63.9743,108.913,39.0813,2.37271,-49.7798,-21.4837,-25.3758,76.1792,133.778,78.6002,315.918,-77.1578,334.964,341.757,-476.514,-0.355428,-0.570467,-0.351216,-0.756996,-0.155037,-0.61203,-0.677575,-0.0292369,-0.716211,0.307877,-0.0300308,0.865767,0.165043,-0.636247,0.444226,-0.0660431,-0.718356,0.218028,0.0473045,-0.201242,0.750951
114.2,0,,2.62434,30.3815,-5.21264,2.65312,-3.1729,-4.54522,9.55404,5.33462,10.7517,-0.376302,-4.57994,5.13833,-2.92771,-2.31235,4.9184,4.9184,-0.886413,0.886413,-4.08069,4.08069,0.322541,-19.2904,-2.42857,-1.30875,-9.90902,-3.30384,4.87262,-53.713,-114.745,17.5984,172.861,-24.4169,78.1255,188.503,17.6002,0,-34.621,0.480979,-58.1085,44.9064,169.439,30.2697,344.216,-67.3881,464.306,502.386,-386.229,-0.354997,-0.571987,-0.350664,-0.757423,-0.153023,-0.611298,-0.677589,-0.0262466,-0.715433,0.308119,-0.0310683,0.865701,0.166515,-0.637554,0.443022,-0.0672643,-0.717934,0.224805,0.0471823,-0.19581,0.754978
114.21,0,,2.06493,30.0069,-5.27125,2.53689,-3.18531,-4.79986,9.7182,4.58544,11.1962,-0.683399,-4.50304,4.97424,-3.04942,-2.55558,4.75017,4.75017,-0.813827,0.813827,-4.07475,4.07475,0.427366,-19.4899,-2.36826,-0.989783,-10.0318,-3.79101,35.6413,-75.1982,-119.628,54.201,121.083,-49.3225,88.3885,184.112,18.5294,12.6545,0.977993,15.0707,-94.253,1.96773,166.01,-9.75356,362.809,13.6833,649.871,505.37,-421.402,-0.354513,-0.57352,-0.349996,-0.757931,-0.150524,-0.610703,-0.677639,-0.0229501,-0.714628,0.308544,-0.0319225,0.865631,0.167366,-0.639618,0.441244,-0.0687286,-0.717622,0.230113,0.0473056,-0.191298,0.758172
114.22,0,,1.50858,29.6248,-5.30892,2.38882,-3.26667,-4.86021,9.90087,3.95304,11.6414,-0.817483,-4.46844,4.82656,-3.1349,-2.71996,4.58701,4.58701,-0.742391,0.742391,-4.08367,4.08367,0.556383,-19.7574,-2.27507,-0.72438,-10.201,-4.00137,13.6598,-107.426,-104.981,62.0109,60.068,-15.1296,81.0642,133.304,-1.96773,8.85812,10.7579,-1.92392,-99.122,-63.4592,174.318,-32.2204,421.86,50.3054,533.636,542.997,-396.983,-0.353967,-0.575052,-0.349267,-0.758428,-0.147657,-0.610282,-0.677777,-0.0192273,-0.71379,0.308918,-0.0331441,0.865531,0.167795,-0.642247,0.438928,-0.070438,-0.717626,0.233532,0.0461444,-0.187874,0.760162
114.23,0,,0.949165,29.2225,-5.32241,2.23491,-3.32596,-4.76748,10.0882,3.43523,12.0953,-0.867225,-4.42538,4.66951,-3.23711,-2.80103,4.41683,4.41683,-0.661766,0.661766,-4.10449,4.10449,0.677335,-20.0086,-2.17091,-0.533241,-10.3757,-3.95708,14.6452,-103.027,-119.138,22.9612,-4.40562,-33.192,40.0574,63.5101,9.78398,-5.37814,-6.84595,2.88588,-90.8056,-144.031,149.419,-22.9377,425.786,38.5646,598.702,403.777,-484.355,-0.353415,-0.576633,-0.348592,-0.758757,-0.14472,-0.61007,-0.677812,-0.0155643,-0.712969,0.309219,-0.0343645,0.86546,0.167982,-0.645192,0.436191,-0.0720854,-0.718169,0.235117,0.0444358,-0.185861,0.760903
114.24,0,,0.339315,28.7838,-5.34194,2.08047,-3.31493,-4.54816,10.2662,3.02317,12.5587,-0.827215,-4.38232,4.41478,-3.36997,-2.84324,4.22329,4.22329,-0.583208,0.583208,-4.12085,4.12085,0.814415,-20.248,-2.07223,-0.33358,-10.5039,-3.75336,30.2759,-98.6278,-139.647,10.7256,0,-54.2106,30.7438,11.6886,23.4488,-6.80177,-11.7359,1.92392,-50.2896,-196.773,120.617,22.4668,372.079,32.2229,453.567,243.667,-726.084,-0.353043,-0.578272,-0.347977,-0.75907,-0.141975,-0.609649,-0.677892,-0.0120246,-0.711952,0.309653,-0.035586,0.865418,0.168222,-0.648106,0.433312,-0.0736118,-0.71921,0.234996,0.042423,-0.184342,0.760623
114.25,0,,-0.272064,28.3841,-5.36939,1.95203,-3.24736,-4.21993,10.4465,2.75876,13.0411,-0.835866,-4.26467,3.99205,-3.54372,-2.91432,4.04999,4.04999,-0.499138,0.499138,-4.12531,4.12531,0.959558,-20.3137,-2.02837,-0.0255663,-10.6049,-3.46771,63.4809,-95.2252,-143.55,33.6869,55.6624,-70.8066,95.2154,39.5249,20.0052,-11.2308,-37.5549,19.5598,-1.95472,-218.277,107.904,21.4915,262.211,4.88485,340.807,165.559,-727.54,-0.352566,-0.579817,-0.347439,-0.759309,-0.139593,-0.609034,-0.677879,-0.00860625,-0.710839,0.310446,-0.0364405,0.865293,0.168528,-0.650733,0.430688,-0.0748327,-0.720555,0.233349,0.0417499,-0.182686,0.759432
114.26,0,,-0.852873,28.0409,-5.38706,1.85597,-3.14532,-3.80927,10.6338,2.65519,13.5111,-1.16675,-4.06397,3.4865,-3.70818,-3.16755,3.89773,3.89773,-0.416446,0.416446,-4.1149,4.1149,1.12083,-19.9288,-2.0503,0.304361,-10.6486,-3.2662,81.0552,-95.2252,-139.647,47.8489,108.388,-85.9362,119.132,79.1174,4.86466,-6.80177,-18.5819,27.8968,40.054,-203.133,87.8844,30.7741,163.084,13.1977,533.636,254.437,-523.896,-0.35207,-0.581209,-0.347004,-0.759434,-0.137458,-0.608426,-0.677753,-0.00531021,-0.709737,0.311722,-0.0368671,0.865095,0.168896,-0.652878,0.428558,-0.0756871,-0.722141,0.230358,0.0449847,-0.181648,0.757842
114.27,0,,-1.39547,27.7719,-5.35218,1.78538,-3.08879,-3.3309,10.8627,2.74994,13.9899,-1.70309,-3.81252,2.90516,-3.84476,-3.58959,3.76455,3.76455,-0.341334,0.341334,-4.10598,4.10598,1.29823,-19.1871,-2.11609,0.670812,-10.7141,-3.14441,84.477,-105.968,-124.51,51.2853,113.788,-89.3578,132.831,97.1569,-5.84853,24.3598,25.9168,5.93208,70.2988,-172.352,89.8362,28.3189,100.108,-2.94234,790.11,241.721,-661.115,-0.351406,-0.582564,-0.346401,-0.759307,-0.135381,-0.608117,-0.677634,-0.00177008,-0.70858,0.313372,-0.0370504,0.864794,0.1692,-0.654645,0.42703,-0.07581,-0.723796,0.22627,0.0514547,-0.180855,0.756257
114.28,0,,-1.92584,27.5695,-5.29915,1.73761,-3.04466,-2.89817,11.1078,3.05623,14.5037,-2.1313,-3.64027,2.18629,-3.99342,-4.00275,3.63759,3.63759,-0.274262,0.274262,-4.10003,4.10003,1.45143,-18.4008,-2.11061,1.13709,-10.8069,-3.06469,74.2116,-92.2843,-126.96,75.7043,99.6238,-92.7794,144.044,83.982,15.1406,23.8853,3.42298,-2.88588,45.4206,-163.567,123.043,4.40592,99.6172,-30.766,820.748,126.505,-754.424,-0.350721,-0.583884,-0.345716,-0.759081,-0.133492,-0.607826,-0.677519,0.00183113,-0.707367,0.314409,-0.0375996,0.86467,0.169505,-0.655924,0.426235,-0.0746478,-0.725298,0.221685,0.0585366,-0.179211,0.75475
114.29,0,,-2.45621,27.4124,-5.24194,1.68666,-3.00329,-2.55227,11.3737,3.56964,15.0357,-2.4146,-3.50724,1.20176,-4.15974,-4.36926,3.50675,3.50675,-0.205352,0.205352,-4.09705,4.09705,1.59658,-17.6052,-2.0503,1.83104,-10.9215,-3.02705,30.7687,-88.8574,-134.765,86.43,94.2234,-117.196,145.988,78.6444,-2.95159,5.85268,-14.1809,-4.32881,1.95472,-157.699,132.802,-0.504494,123.063,-31.7373,770.054,-252.49,-968.71,-0.350003,-0.58525,-0.344997,-0.758758,-0.131841,-0.607507,-0.677329,0.00555438,-0.706139,0.315142,-0.0385153,0.86461,0.169808,-0.657015,0.425986,-0.0719637,-0.726595,0.216807,0.0661063,-0.175612,0.753233
114.3,0,,-2.99576,27.2779,-5.15776,1.63412,-2.90539,-2.30499,11.6443,4.24611,15.532,-2.89039,-3.34037,-0.382093,-4.36972,-4.88793,3.37045,3.37045,-0.135064,0.135064,-4.09705,4.09705,1.7901,-16.4716,-1.99,3.05579,-11.0334,-3.23077,9.27988,-83.9965,-143.06,84.4515,115.73,-115.241,154.804,108.913,22.4649,-208.957,-82.0536,297.887,-47.8373,-160.651,129.875,46.3798,142.092,44.9349,552.746,-352.526,-987.304,-0.349389,-0.586588,-0.344384,-0.758162,-0.130501,-0.607274,-0.676962,0.0092166,-0.704917,0.316234,-0.0396742,0.864409,0.170116,-0.65794,0.426053,-0.0678738,-0.727812,0.211617,0.0775788,-0.167792,0.751739
114.31,0,,-3.57809,27.1032,-5.04752,1.58742,-2.78129,-2.10776,11.9217,5.04817,15.5284,-3.9555,-2.7698,-3.08722,-4.5732,-5.93193,3.20105,3.20105,-0.0659239,0.0659239,-4.09557,4.09557,2.52388,-14.6057,-2.24218,5.34945,-11.1589,-3.99473,-14.6452,-73.2539,-172.844,92.2614,156.755,-123.527,165.022,206.07,47.3895,-187.444,-30.8068,336.846,-95.7102,-184.58,100.096,80.0801,97.6543,119.636,-275.899,639.141,-729.445,-0.348893,-0.5881,-0.343705,-0.757307,-0.129463,-0.607091,-0.676422,0.01294,-0.703706,0.322834,-0.0411401,0.862416,0.170538,-0.658773,0.426161,-0.0626858,-0.728852,0.206002,0.0974199,-0.151318,0.750793
114.32,0,,-4.16043,26.8857,-4.92054,1.52691,-2.61995,-2.01797,12.2316,5.91634,15.1489,-5.28769,-2.07389,-5.53527,-4.86588,-7.03146,3.01763,3.01763,0.0197542,-0.0197542,-4.09408,4.09408,3.65277,-12.3877,-2.54917,7.32293,-11.3636,-4.93362,-5.85809,-68.8548,-161.627,95.2292,194.321,-112.797,179.218,309.105,60.5623,-132.397,34.132,79.5219,-131.819,-197.757,59.5831,123.534,29.7707,131.348,-182.09,1911.58,660.107,-0.348409,-0.589695,-0.34316,-0.756159,-0.128672,-0.6071,-0.675704,0.0167248,-0.702501,0.332547,-0.0441321,0.859142,0.171092,-0.659829,0.425989,-0.056278,-0.729782,0.200391,0.11982,-0.13746,0.750536
114.33,0,,-4.68622,26.6116,-4.75403,1.40644,-2.46138,-1.99884,12.5969,6.63468,14.5708,-5.34608,-1.21419,-5.40009,-5.17343,-6.36397,2.86732,2.86732,0.105432,-0.105432,-4.08516,4.08516,5.02357,-11.5662,-2.98226,6.68621,-11.5846,-4.26267,75.6899,-50.2861,-86.9212,106.944,235.819,-131.837,208.018,413.559,66.9028,-120.059,9.77993,183.093,47.8373,-176.252,-10.2602,458.484,-243.182,187.51,-719.201,1364.3,1412.63,-0.347806,-0.591112,-0.342679,-0.754691,-0.128183,-0.607342,-0.674917,0.0207535,-0.701225,0.344628,-0.0473055,0.854916,0.17207,-0.661421,0.425077,-0.0494413,-0.73106,0.195507,0.124947,-0.146067,0.746875
114.34,0,,-5.10043,26.1993,-4.52937,1.21378,-2.31935,-1.76922,13.0732,6.8374,13.7812,-4.28963,-0.344495,-3.18255,-5.51163,-4.14491,2.77619,2.77619,0.178477,-0.178477,-4.07326,4.07326,6.66853,-12.1882,-3.39341,4.07235,-11.8548,-1.87336,207.032,55.1713,1.96022,102.05,290.534,-124.994,273.936,558.619,67.3947,-98.072,60.0488,223.655,411.131,-123.545,-22.947,693.343,-768.039,506.339,-713.831,34.1238,1139.65,-0.3472,-0.592096,-0.342378,-0.752851,-0.128059,-0.607945,-0.674164,0.0253918,-0.6998,0.358529,-0.0518201,0.849752,0.174449,-0.66331,0.423122,-0.0459003,-0.732695,0.191048,0.112371,-0.172189,0.738196
114.35,0,,-5.43516,25.5758,-4.2396,0.935679,-2.12078,-1.27761,13.679,6.50247,12.8164,-4.27016,0.550577,-0.835292,-5.86656,-2.10799,2.69325,2.69325,0.211094,-0.211094,-4.05839,4.05839,8.54733,-12.0615,-3.82102,1.6119,-12.0868,0.628882,378.915,198.252,28.8043,112.307,349.133,-130.859,292.971,638.209,141.13,-127.968,-1.46699,148.462,628.425,-1.96773,19.0434,307.607,-1099.12,706.533,732.941,-754.357,153.797,-0.34731,-0.592624,-0.342427,-0.750664,-0.128366,-0.60893,-0.673424,0.0307018,-0.698267,0.374053,-0.0573775,0.843633,0.178844,-0.664896,0.420497,-0.0474272,-0.733321,0.186718,0.104859,-0.198671,0.726383
114.36,0,,-5.62316,25.0026,-3.88099,0.601849,-1.77329,-1.51311,14.4351,6.10144,11.7129,-5.79375,1.5533,-1.87687,-6.1834,-2.02025,2.6691,2.6691,0.171586,-0.171586,-4.04054,4.04054,10.6438,-10.3927,-4.36923,2.57368,-12.125,0.449518,524.409,262.683,-54.6865,118.659,392.1,-120.106,260.735,613.278,202.129,-154.226,52.2248,150.867,585.954,134.754,109.381,78.6002,-737.778,449.721,1275.89,-520.94,-969.27,-0.348472,-0.59214,-0.343101,-0.748342,-0.128854,-0.610271,-0.672743,0.0365608,-0.696487,0.391502,-0.063053,0.836657,0.183971,-0.665505,0.418604,-0.0460836,-0.73282,0.186715,0.120245,-0.193857,0.722142
114.37,0,,-5.51158,24.8706,-3.50378,0.292964,-1.26861,-2.64647,15.36,6.21602,10.3795,-8.36407,2.57064,-5.05316,-6.51696,-2.48006,2.84668,2.84668,0.0856781,-0.0856781,-4.01823,4.01823,13.0306,-7.38146,-4.97226,5.58564,-12.024,-1.21126,504.398,242.195,-87.8831,117.201,426.255,-102.043,243.645,571.321,178.243,-211.962,102.494,234.878,508.298,121.086,197.766,270.005,-52.7257,151.859,-144.03,824.681,-768.09,-0.349941,-0.59001,-0.344691,-0.746101,-0.129651,-0.611751,-0.672163,0.0427274,-0.69432,0.410975,-0.0697675,0.828665,0.187569,-0.665191,0.418292,-0.0380276,-0.73168,0.190138,0.152413,-0.17158,0.720927
114.38,0,,-5.14781,25.1359,-3.14051,0.0605033,-0.535022,-4.09335,16.4583,7.00707,8.74324,-9.19236,3.46879,-5.1102,-7.06329,-1.8581,3.17924,3.17924,-0.0094177,0.0094177,-3.98998,3.98998,15.7964,-5.67751,-5.49854,5.40789,-11.9039,-2.17451,294.93,196.283,159.667,93.2506,457.047,-62.9857,273.936,599.63,239.243,-229.995,80.0976,255.881,437.004,-34.1893,280.771,318.37,555.664,-115.237,249.999,524.962,1165.07,-0.351529,-0.586655,-0.347195,-0.744012,-0.130503,-0.613449,-0.671552,0.0487702,-0.691634,0.432214,-0.0788619,0.81926,0.189282,-0.664166,0.419217,-0.0253926,-0.730587,0.192215,0.167244,-0.174629,0.720613
114.39,0,,-4.72596,25.5394,-2.8419,-0.098716,0.461939,-5.51373,17.7554,8.2344,6.8749,-7.71635,4.32234,-1.1666,-7.78058,0.443145,3.45534,3.45534,-0.0748822,0.0748822,-3.95726,3.95726,18.8686,-6.02487,-6.07964,1.05918,-11.6856,-1.46813,136.707,68.8548,346.196,55.6588,476.565,-28.3273,294.915,649.897,305.162,-282.194,102.005,267.104,387.71,-212.901,281.246,108.399,476.058,-257.326,864.336,-622.014,1291.54,-0.353734,-0.583311,-0.350438,-0.742089,-0.131352,-0.615437,-0.670791,0.0546887,-0.688431,0.455176,-0.0893626,0.808475,0.189579,-0.66261,0.42115,-0.0117195,-0.729844,0.191602,0.155405,-0.211439,0.71739
114.4,0,,-4.33009,25.9077,-2.61958,-0.249444,1.68504,-6.9606,19.2676,9.50361,4.78032,-7.23841,5.02517,2.41367,-8.64468,3.22086,3.56867,3.56867,-0.101298,0.101298,-3.92157,3.92157,22.223,-5.41933,-6.62237,-2.8963,-11.3909,-0.292297,124.498,-40.0296,278.805,25.8769,455.579,9.28725,276.378,664.086,325.659,-323.796,15.1589,245.62,284.678,-289.045,100.096,32.7249,177.752,-200.193,2432.55,-477.604,-446.83,-0.35671,-0.580661,-0.354086,-0.74034,-0.132271,-0.617774,-0.669785,0.0605511,-0.684801,0.479151,-0.101751,0.796428,0.189282,-0.66081,0.423978,0.000915583,-0.729049,0.190808,0.149664,-0.247691,0.70767
114.41,0,,-3.87767,26.2383,-2.44376,-0.465451,3.05155,-8.75779,21.0064,10.6252,2.57845,-7.37573,5.71723,0.90796,-9.59425,3.86281,3.59554,3.59554,-0.0808544,0.0808544,-3.88291,3.88291,25.7549,-4.38428,-7.31859,-1.65938,-11.0497,-1.60099,92.7714,-120.113,125.98,12.1835,407.212,34.1696,285.646,674.828,364.74,-295.956,65.9167,130.826,79.5749,-54.1828,-199.217,58.1177,349.124,-74.7011,107.391,113.27,-2647.93,-0.359707,-0.578595,-0.357815,-0.738669,-0.133305,-0.620563,-0.668651,0.0662242,-0.680553,0.504224,-0.114078,0.783223,0.188489,-0.659772,0.426786,0.0144658,-0.728052,0.193061,0.161815,-0.238236,0.708115
114.42,0,,-3.27088,26.5061,-2.26934,-0.715956,4.49804,-10.6462,22.9833,11.5793,0.32404,-6.56366,6.46851,-2.49728,-10.7222,3.52073,3.61968,3.61968,-0.0011485,0.0011485,-3.84424,3.84424,29.3754,-4.41714,-8.22862,1.35745,-10.8178,-3.96594,4.40726,-201.655,125.49,7.80994,362.777,91.313,309.066,648.411,424.319,-306.08,191.393,266.142,-195.33,442.879,-405.766,-95.7194,747.538,-208.506,-588.911,333.064,591.778,-0.362131,-0.576858,-0.361582,-0.736839,-0.134404,-0.624104,-0.667275,0.0716595,-0.67576,0.530348,-0.125552,0.768452,0.187141,-0.66006,0.4283,0.0283827,-0.72727,0.196482,0.170418,-0.20991,0.716465
114.43,0,,-2.58919,26.4822,-2.06468,-1.05509,5.93902,-11.9415,25.1684,12.313,-2.06101,-6.63286,6.93066,-2.78717,-12.0435,4.57473,3.5858,3.5858,0.115539,-0.115539,-3.81598,3.81598,33.1733,-3.57221,-8.97418,1.18701,-10.8123,-4.37339,-75.1971,-286.137,231.941,7.80994,298.824,178.716,348.626,601.049,364.248,-257.36,162.64,285.221,-389.664,850.586,-359.872,-14.664,1083.52,-292.006,-415.981,481.496,755.88,-0.363855,-0.575966,-0.364648,-0.734773,-0.135626,-0.628323,-0.66571,0.0767892,-0.670349,0.556237,-0.138434,0.752351,0.18696,-0.661836,0.42806,0.0399183,-0.727868,0.196784,0.17689,-0.213147,0.714151
114.44,0,,-1.90139,26.0347,-1.7777,-1.41387,7.27106,-12.4287,27.506,12.7427,-4.64603,-5.66399,7.4374,-2.09643,-13.5747,5.74423,3.4569,3.4569,0.241185,-0.241185,-3.78922,3.78922,37.1647,-3.78813,-9.85132,-0.1047,-11.1316,-3.79322,-46.3994,-293.939,204.589,25.8769,218.244,225.105,439.953,576.185,246.075,82.5703,6.84595,340.854,-384.262,1021.01,-190.434,138.198,1178.72,-308.117,355.021,319.311,34.1647,-0.364897,-0.576217,-0.366484,-0.732264,-0.136968,-0.633261,-0.663843,0.081668,-0.664575,0.583759,-0.150578,0.733727,0.1891,-0.664354,0.426117,0.0471219,-0.728924,0.193432,0.171275,-0.224684,0.710431
114.45,0,,-1.07755,25.3772,-1.32653,-1.64261,8.33972,-12.2639,29.9962,12.9212,-7.21791,-4.92761,7.96953,-1.4768,-15.0436,6.25846,3.34903,3.34903,0.353279,-0.353279,-3.76096,3.76096,41.1481,-3.81865,-10.7504,-1.16631,-11.6092,-3.16212,-31.7268,-266.596,132.333,41.0282,100.571,165.029,612.797,727.055,32.7408,1045.42,-121.076,261.172,-275.402,948.726,-68.841,-16.1102,1085.92,-199.708,398.451,-441.404,-166.007,-0.365023,-0.576894,-0.367281,-0.728878,-0.138561,-0.639271,-0.66178,0.0868578,-0.658728,0.610991,-0.161324,0.714145,0.19172,-0.667326,0.421893,0.0505409,-0.729792,0.187514,0.167612,-0.234571,0.706827
114.46,0,,-0.0397396,24.6859,-0.709313,-1.73549,9.1326,-11.4528,32.72,12.9476,-9.52268,-4.20636,8.57854,-1.91125,-16.1688,5.73645,3.32956,3.32956,0.42127,-0.42127,-3.72824,3.72824,44.9702,-3.89375,-11.6275,-1.23571,-11.923,-2.91411,-81.0552,-231.938,163.569,-10.7256,-46.3774,77.6265,793.959,984.879,-3.44353,1098.09,29.3398,366.186,-90.8056,688.002,-87.8844,-56.6379,788.595,-42.9639,127.921,-159.201,-211.933,-0.364275,-0.577481,-0.367144,-0.724632,-0.140751,-0.646138,-0.659327,0.0930822,-0.652796,0.636447,-0.170236,0.695654,0.192822,-0.671245,0.414759,0.0510271,-0.73147,0.178595,0.166449,-0.23536,0.705958
114.47,0,,1.18607,24.0146,-0.00651173,-1.78538,9.60006,-10.137,35.6427,12.8705,-11.4056,-3.74139,9.20602,-2.93954,-17.0125,4.50031,3.37746,3.37746,0.426783,-0.426783,-3.69404,3.69404,48.502,-3.80691,-12.3018,-0.726814,-12.1304,-2.89861,-120.118,-145.997,211.431,-101.581,-120.61,112.308,709.956,1198.25,-14.6486,1040.99,81.0756,475.047,109.855,310.55,-230.472,24.8884,362.809,107.924,-57.6435,136.755,11.2015,-0.362929,-0.577965,-0.366042,-0.719899,-0.143992,-0.653183,-0.656233,0.100837,-0.647199,0.658676,-0.178235,0.678941,0.192698,-0.675817,0.405844,0.049259,-0.733819,0.167676,0.168411,-0.231222,0.706546
114.48,0,,2.59377,23.3672,0.669313,-1.81245,9.53249,-8.73571,38.7549,12.6678,-12.8667,-3.49593,9.96114,-3.69044,-17.4473,3.33414,3.47131,3.47131,0.391179,-0.391179,-3.65984,3.65984,51.7516,-3.60506,-12.8171,-0.416366,-12.3078,-2.73254,-112.317,-29.7731,242.668,-174.318,-188.968,98.6218,476.077,1336.89,79.0918,794.383,223.178,611.806,210.932,-68.3434,-336.424,98.1409,-127.916,161.143,-13.7397,78.1085,71.2418,-0.361113,-0.578416,-0.364226,-0.715008,-0.148874,-0.659829,-0.653475,0.111089,-0.641877,0.678217,-0.185257,0.663567,0.192699,-0.680091,0.396751,0.0469392,-0.736012,0.157481,0.170844,-0.229074,0.706693
114.49,0,,4.16043,22.7726,1.31118,-1.88197,8.82924,-7.64209,41.9989,12.421,-13.952,-3.16829,10.8847,-4.05066,-17.1751,2.73551,3.58775,3.58775,0.31377,-0.31377,-3.62861,3.62861,54.711,-3.51822,-13.2228,-0.412714,-12.2587,-2.30073,-115.246,71.2852,233.883,-176.765,-258.321,0,240.254,1119.13,117.681,664.042,552.762,676.257,155.276,-285.145,-374.036,58.1177,-485.327,149.916,76.5947,71.2319,87.372,-0.35921,-0.578765,-0.361957,-0.70988,-0.15571,-0.665993,-0.651957,0.123909,-0.636759,0.694945,-0.191423,0.650324,0.193794,-0.683438,0.389053,0.0462665,-0.737517,0.15003,0.17134,-0.229572,0.706051
114.5,0,,5.89216,22.2811,1.94375,-2.00457,7.31932,-7.08424,45.2244,12.1874,-14.7701,-2.75847,12.032,-4.37258,-15.8724,2.67664,3.74157,3.74157,0.200528,-0.200528,-3.5944,3.5944,57.3397,-3.52292,-13.5791,-0.393235,-11.8439,-1.86893,-95.7004,166.024,251.471,-121.106,-297.829,-54.2106,-25.861,807.592,217.762,454.611,717.749,778.385,82.5247,-263.676,-306.646,21.9623,-516.134,130.863,56.6959,23.8737,0.448062,-0.357437,-0.578761,-0.359635,-0.70427,-0.164745,-0.671736,-0.652737,0.139044,-0.632106,0.708596,-0.196788,0.639989,0.196603,-0.685334,0.383807,0.0485245,-0.738366,0.146184,0.171093,-0.229752,0.705554
114.51,0,,7.69726,21.8701,2.5005,-2.19033,5.30609,-7.12693,48.3667,12.0002,-15.5663,-2.38,13.3492,-4.78124,-13.8153,3.02871,3.89929,3.89929,0.0608705,-0.0608705,-3.56168,3.56168,59.8071,-3.49945,-14.0725,-0.258098,-11.2026,-1.64085,-68.8463,218.741,268.06,10.2571,-333.974,-72.273,-104.484,438.963,112.325,1086.86,801.27,716.339,73.2487,-134.754,-238.781,16.6147,-253.923,130.863,12.6342,40.0922,28.3399,-0.356172,-0.578421,-0.357576,-0.69865,-0.17567,-0.676553,-0.65623,0.155222,-0.626931,0.720985,-0.201182,0.63077,0.200947,-0.685918,0.381018,0.0538976,-0.738696,0.145822,0.171577,-0.22877,0.705659
114.52,0,,9.44427,21.5181,2.94888,-2.40899,3.13567,-7.65092,51.3425,11.8481,-16.0137,-2.1021,14.4588,-5.17428,-11.1942,3.68399,4.05934,4.05934,-0.0856781,0.0856781,-3.52599,3.52599,61.8068,-3.36566,-14.4343,-0.120527,-10.2501,-1.60763,-65.4245,229.97,266.608,123.553,-346.196,-113.775,-101.093,54.6592,-4.37273,1270.98,861.318,948.652,86.9317,-12.6848,-203.12,24.8884,88.385,17.0827,36.1654,102.112,48.3907,-0.35555,-0.57767,-0.35616,-0.693512,-0.187203,-0.680206,-0.661479,0.171642,-0.620949,0.729293,-0.205884,0.625039,0.206316,-0.685482,0.379976,0.0614057,-0.738639,0.147777,0.173101,-0.22779,0.705893
114.53,0,,11.0125,21.1774,3.26424,-2.60748,0.980414,-8.30445,54.138,11.7556,-16.0823,-1.79176,14.691,-5.50792,-8.60379,4.37814,4.16916,4.16916,-0.211783,0.211783,-3.49179,3.49179,63.3389,-3.2577,-14.0616,-0.0669595,-9.4751,-1.65635,-54.2011,208.484,268.06,185.564,-353.539,-149.411,-71.7959,-260.729,-158.675,1028.33,432.664,868.649,60.5608,84.4718,-178.723,37.0971,393.071,-121.579,30.322,50.3424,13.2178,-0.35549,-0.576939,-0.355307,-0.689141,-0.19838,-0.682732,-0.668062,0.187875,-0.613799,0.732585,-0.214551,0.621495,0.21211,-0.684306,0.38015,0.0690968,-0.738579,0.149791,0.174266,-0.22743,0.706097
114.54,0,,12.414,20.8242,3.4875,-2.77042,-1.06729,-8.71069,56.7993,11.6939,-15.4948,-1.43817,15.0571,-5.79156,-5.71604,4.78908,4.23302,4.23302,-0.306879,0.306879,-3.45312,3.45312,64.1775,-3.2178,-13.9793,-0.0693943,-8.41625,-1.72278,-49.7938,169.427,265.628,213.888,-299.819,-137.214,3.43607,-473.15,-330.086,635.253,456.038,1203.57,-11.2308,157.699,-134.28,7.33198,569.841,-118.665,-11.2128,-27.3769,17.1384,-0.35567,-0.576385,-0.354816,-0.685272,-0.209116,-0.684478,-0.675045,0.203631,-0.605703,0.733068,-0.219371,0.622162,0.218029,-0.682774,0.380879,0.0747726,-0.738753,0.149972,0.174692,-0.227429,0.706275
114.55,0,,13.6628,20.4282,3.68145,-2.93017,-3.06121,-8.75632,59.3381,11.6388,-13.9111,-1.17324,15.1932,-6.07286,-2.36279,4.80019,4.23692,4.23692,-0.368439,0.368439,-3.41,3.41,63.9598,-3.138,-13.7875,-0.0779165,-6.85253,-1.82686,-86.4206,108.398,198.236,219.72,-191.384,-48.8337,50.7725,-755.838,-568.346,-475.175,771.441,1351.07,-56.6513,216.31,-104,-21.4915,461.445,-121.579,10.2653,-84.4662,-15.5701,-0.356043,-0.576151,-0.354578,-0.681492,-0.219494,-0.685887,-0.681579,0.219074,-0.597465,0.727218,-0.221693,0.630471,0.223708,-0.681439,0.381555,0.0778246,-0.739365,0.147775,0.175424,-0.227551,0.706335
114.56,0,,14.8244,20.0184,3.86099,-3.1069,-5.00135,-8.53112,61.6642,11.5903,-11.1538,-0.933185,14.0366,-6.40573,1.1512,4.49365,4.21978,4.21978,-0.404272,0.404272,-3.3639,3.3639,62.3874,-3.07463,-12.4937,-0.0194791,-5.07595,-1.96858,-83.4915,44.4287,145.51,220.709,-42.4929,49.3225,64.9237,-959.475,-625.464,-1039.56,1178.19,-583.909,-109.855,258.3,-93.265,4.87678,197.762,-250.499,22.8995,-68.8964,-28.3399,-0.356469,-0.576027,-0.354577,-0.677827,-0.229076,-0.687227,-0.687337,0.233527,-0.589922,0.71072,-0.226693,0.647607,0.228832,-0.680636,0.381732,0.0788604,-0.740201,0.143865,0.176159,-0.227066,0.706467
114.57,0,,16.009,19.625,3.98146,-3.28257,-6.43543,-8.16903,63.7475,11.5462,-10.2211,-0.666098,12.7686,-6.75031,3.21574,4.03495,4.2338,4.2338,-0.412082,0.412082,-3.31779,3.31779,62.4035,-3.03943,-11.1451,0.0718292,-4.29818,-2.1103,-59.5664,-28.8009,128.412,256.843,95.6919,99.5994,69.3544,-796.849,-474.113,-936.113,297.897,1347.22,-106.443,307.633,-65.4385,84.9568,32.715,-251.956,20.0568,-36.07,-14.1139,-0.356708,-0.575774,-0.354877,-0.674496,-0.237813,-0.688474,-0.691867,0.244397,-0.583525,0.703154,-0.237559,0.652188,0.232986,-0.680648,0.380762,0.0789229,-0.741008,0.138985,0.176708,-0.226271,0.706587
114.58,0,,17.2149,19.2001,4.0089,-3.45824,-6.99389,-7.77456,65.595,11.4713,-10.7101,-0.378465,12.7732,-7.05036,3.88007,3.60847,4.25132,4.25132,-0.391639,0.391639,-3.27615,3.27615,63.5486,-3.0183,-11.1012,0.142441,-4.13444,-2.16787,-40.0486,-68.3687,123.04,280.741,204.601,106.931,279.317,-636.722,-449.681,661.67,344.254,1006.37,-41.5111,324.218,-37.1108,40.0232,-104.47,-135.748,35.2178,-44.8929,-19.4907,-0.356583,-0.575709,-0.355118,-0.671605,-0.245557,-0.689672,-0.694149,0.24996,-0.579088,0.70721,-0.243,0.647024,0.236224,-0.681632,0.378386,0.0789236,-0.741687,0.134103,0.177012,-0.225721,0.706523
114.59,0,,18.4606,18.7476,3.9689,-3.62489,-7.1966,-7.46547,67.2875,11.3611,-9.22346,-0.0519037,12.6587,-7.34963,5.14462,3.31637,4.2634,4.2634,-0.348685,0.348685,-3.236,3.236,62.4842,-3.03708,-11.0574,0.245924,-2.91731,-2.15458,-0.492737,-21.9713,63.4711,260.748,249.983,100.577,161.134,-557.132,-456.568,182.54,1010.27,963.883,16.0998,293.929,-11.2361,-13.1841,-142.092,-16.5971,17.0562,-18.035,-26.8837,-0.356097,-0.575896,-0.355182,-0.668917,-0.252454,-0.691013,-0.69359,0.253374,-0.577432,0.699318,-0.240065,0.657568,0.238539,-0.683449,0.374777,0.0795308,-0.742084,0.13013,0.177012,-0.224866,0.706461
114.6,0,,19.7674,18.3353,3.90146,-3.79791,-7.35655,-7.30356,68.8899,11.24,-6.67858,0.30926,11.4083,-7.67546,6.10721,3.18643,4.3113,4.3113,-0.300677,0.300677,-3.19585,3.19585,60.2587,-3.08871,-9.91162,0.365233,-1.90485,-2.11915,18.5598,27.3426,25.3921,249.033,211.896,83.4922,-194.319,-541.998,-430.167,-619.594,421.417,753.374,41.0136,243.155,12.212,-15.1348,-81.0787,82.5283,0,30.2314,5.37674,-0.355367,-0.575961,-0.355245,-0.666359,-0.258194,-0.692667,-0.692002,0.256182,-0.577065,0.682667,-0.239581,0.674,0.239827,-0.68597,0.370148,0.0811196,-0.742406,0.127203,0.176768,-0.223828,0.70646
114.61,0,,21.117,17.9971,3.80099,-3.95342,-7.15523,-7.22849,70.2356,11.1452,-4.168,0.658528,10.2034,-7.97786,6.57735,3.13978,4.40203,4.40203,-0.235443,0.235443,-3.1557,3.1557,57.8073,-3.12392,-8.84261,0.465064,-1.06977,-2.08594,-7.80167,26.3704,38.5691,271.005,146.996,74.717,-479.965,-409.64,-471.654,-1057.12,150.415,443.303,39.0588,185.564,4.40477,28.8234,25.4087,76.6722,2.36891,44.3739,32.2604,-0.354396,-0.575848,-0.355495,-0.66392,-0.262711,-0.694622,-0.689378,0.256121,-0.578409,0.665542,-0.237127,0.690445,0.240241,-0.688861,0.365,0.0832546,-0.742638,0.124821,0.176648,-0.222977,0.70647
114.62,0,,22.4223,17.7055,3.68703,-4.07389,-6.40785,-7.16078,71.1813,11.0945,-1.89753,0.984008,9.33751,-8.23337,6.50023,3.11312,4.50172,4.50172,-0.162857,0.162857,-3.11703,3.11703,55.2351,-3.12157,-8.16283,0.530806,-0.33021,-2.03944,-25.8687,38.0852,97.176,255.854,24.9178,54.2106,-385.745,-207.016,-409.178,-1302.78,412.615,336.365,30.2804,128.429,18.0675,40.5277,111.831,16.1114,15.6348,25.4307,32.7085,-0.353304,-0.575736,-0.355745,-0.661596,-0.265701,-0.696938,-0.685692,0.251717,-0.581684,0.649459,-0.230912,0.706409,0.240072,-0.691771,0.359711,0.0855134,-0.742764,0.122502,0.176765,-0.222483,0.70639
114.63,0,,23.6588,17.3925,3.56843,-4.1328,-5.31712,-7.06217,71.8657,11.0637,0.00437892,1.31273,8.70081,-8.47325,5.87864,3.02427,4.57221,4.57221,-0.0698288,0.0698288,-3.08134,3.08134,52.808,-3.11218,-7.66396,0.591678,0.166469,-2.01286,-30.2759,26.3704,95.7058,197.748,-83.991,47.3673,-170.402,-80.5362,-288.108,-1282.21,632.859,382.86,20.5068,76.1792,17.0916,9.28269,103.979,-30.766,8.84393,10.2501,13.6659,-0.352195,-0.575842,-0.35604,-0.659162,-0.267718,-0.69957,-0.681229,0.244574,-0.586134,0.635108,-0.223646,0.720257,0.239458,-0.694629,0.35409,0.0875899,-0.742835,0.119879,0.176955,-0.222002,0.706415
114.64,0,,24.8235,17.0556,3.42703,-4.14023,-4.16572,-6.87671,72.372,11.0394,1.43628,1.63064,8.05949,-8.6936,4.88539,2.86323,4.61037,4.61037,0.0351441,-0.0351441,-3.04565,3.04565,50.7195,-3.09575,-7.01708,0.644028,0.354771,-1.95972,-53.2156,31.7417,81.0586,119.648,-174.804,49.3225,-90.3326,17.5666,-132.33,-1093.19,582.982,328.188,9.27603,19.0448,-13.6627,2.92607,57.1422,-29.3091,3.4744,-26.8579,-6.83294,-0.35104,-0.576216,-0.356228,-0.656708,-0.269178,-0.702243,-0.676386,0.236409,-0.591235,0.622222,-0.218638,0.731298,0.238354,-0.697482,0.3481,0.0891789,-0.742914,0.116769,0.177192,-0.221627,0.706386
114.65,0,,25.9668,16.7099,3.26703,-4.119,-3.00467,-6.64562,72.6958,10.9976,2.50182,1.95288,7.55275,-8.93348,3.7184,2.64221,4.64425,4.64425,0.142873,-0.142873,-3.01145,3.01145,48.8407,-3.0981,-6.38115,0.70977,0.38479,-1.91543,-68.8463,27.8287,51.7643,57.6373,-251.452,50.3001,-169.905,99.1163,-38.0974,-933.108,398.434,217.242,-8.77847,-20.0287,-47.371,-11.7043,-28.7892,-35.1652,-0.947564,-35.1618,-23.4112,-0.349872,-0.576629,-0.356403,-0.654199,-0.270579,-0.704799,-0.67125,0.22725,-0.597148,0.610509,-0.214307,0.740644,0.236957,-0.700311,0.341763,0.0904586,-0.743079,0.113409,0.177317,-0.221081,0.70646
114.66,0,,27.1024,16.3692,3.08191,-4.08344,-1.85465,-6.44544,72.7628,10.9403,3.282,2.28052,7.25208,-9.15617,2.4938,2.4734,4.67969,4.67969,0.254278,-0.254278,-2.97873,2.97873,47.0022,-3.11923,-5.87132,0.765773,0.33021,-1.84457,-99.1222,20.513,49.314,26.3455,-268.553,41.5017,-315.938,208.502,85.4322,-702.164,276.87,223.174,-22.4615,-46.8741,-64.4626,-21.4915,-66.9022,-32.2229,-1.42135,-26.8579,-11.7616,-0.348768,-0.576987,-0.356703,-0.651708,-0.272049,-0.707131,-0.665949,0.216815,-0.604176,0.599508,-0.209358,0.749171,0.235547,-0.702978,0.335467,0.0916824,-0.743226,0.110239,0.177196,-0.220655,0.706341
114.67,0,,28.1953,15.9997,2.86842,-4.06062,-0.952835,-6.29383,72.5732,10.8764,3.97095,2.606,7.05446,-9.38121,1.53493,2.36344,4.68903,4.68903,0.357413,-0.357413,-2.94601,2.94601,45.0428,-3.13565,-5.41631,0.840037,0.278358,-1.76485,-112.782,33.6861,40.0393,12.7042,-271.964,27.3497,-482.904,294.917,202.129,-629.875,289.584,42.0055,-33.1947,-56.6425,-76.6482,-40.0232,-48.3637,2.42814,-4.42197,-16.0888,-7.281,-0.347743,-0.577496,-0.356838,-0.649284,-0.273521,-0.709225,-0.66135,0.205882,-0.61197,0.587862,-0.203319,0.758099,0.234442,-0.705461,0.329415,0.093204,-0.743252,0.107487,0.177131,-0.220101,0.706205
114.68,0,,29.2591,15.6439,2.6726,-4.07495,-0.504686,-6.17461,72.1801,10.8235,4.62997,2.92067,6.93604,-9.63516,1.13355,2.27792,4.69994,4.69994,0.442632,-0.442632,-2.91329,2.91329,42.9382,-3.14035,-5.08738,0.926475,0.30292,-1.69842,-122.555,53.713,33.6867,5.88349,-252.447,1.46641,-628.44,358.427,309.097,-651.388,324.694,45.3724,-41.0136,-68.8354,-75.6723,-21.4915,-1.47218,6.82737,12.6342,7.26591,-13.6659,-0.346831,-0.577929,-0.356902,-0.646783,-0.274926,-0.711242,-0.658547,0.195507,-0.619787,0.575707,-0.195687,0.767548,0.233717,-0.707744,0.323871,0.094976,-0.743328,0.104925,0.177196,-0.219435,0.7061
114.69,0,,30.2663,15.2832,2.49213,-4.10733,-0.522612,-6.07747,71.6067,10.7882,5.14377,3.25588,6.81608,-9.90786,1.30915,2.20795,4.69293,4.69293,0.516366,-0.516366,-2.90586,2.90586,40.8336,-3.16617,-4.88454,1.03239,0.352042,-1.62092,-119.626,73.74,27.8242,1.97852,-213.886,1.46641,-607.914,373.561,258.319,-573.721,331.051,132.75,-36.1445,-77.6199,-79.1012,-22.4668,30.7521,1.94252,-0.473782,4.41144,-10.3054,-0.346088,-0.578401,-0.356892,-0.644243,-0.27613,-0.713215,-0.658109,0.185921,-0.627163,0.56393,-0.18702,0.776709,0.233472,-0.709692,0.318986,0.0968669,-0.743379,0.102482,0.177136,-0.218582,0.706041
114.7,0,,31.2109,14.9211,2.3805,-4.1673,-0.962488,-5.98032,70.8367,10.7596,5.49992,3.56946,6.74688,-10.1602,1.97163,2.10577,4.67579,4.67579,0.571264,-0.571264,-2.90437,2.90437,38.7533,-3.17555,-4.8681,1.11883,0.444828,-1.57442,-116.204,83.9965,34.6668,-27.8554,-196.311,-31.2601,-508.313,341.806,235.362,-425.348,353.544,171.389,-26.3709,-83.4879,-81.053,-15.1348,49.7813,18.5682,-11.6866,-3.37346,-8.28914,-0.345659,-0.578763,-0.356951,0.641503,0.276987,0.715358,-0.659483,0.177018,-0.634396,0.552762,-0.177133,0.78544,0.233712,-0.711329,0.314708,0.0985773,-0.74345,0.0998591,0.177194,-0.217906,0.705966
114.71,0,,32.1157,14.5578,2.31306,-4.2347,-1.71676,-5.82577,69.9512,10.7376,5.89037,3.89386,6.58309,-10.4126,2.96301,1.94473,4.65204,4.65204,0.612151,-0.612151,-2.90437,2.90437,36.568,-3.20137,-4.89551,1.20162,0.523969,-1.53235,-96.6859,102.055,41.0194,-79.0886,-200.669,-48.8337,-371.096,219.245,198.741,-384.221,341.809,79.041,0,-104.5,-83.506,6.82749,23.4458,12.6835,-18.0037,9.73113,3.47248,-0.345416,-0.579071,-0.357013,0.638591,0.277545,0.717637,-0.6622,0.168831,-0.641264,0.541047,-0.166452,0.794174,0.234389,-0.712627,0.310992,0.0998548,-0.743601,0.096803,0.177074,-0.217238,0.705855
114.72,0,,32.9869,14.1895,2.27725,-4.30264,-2.6558,-5.65797,68.9777,10.7287,6.27791,4.19014,6.42929,-10.6494,4.09005,1.74259,4.61894,4.61894,0.634432,-0.634432,-2.90586,2.90586,34.3344,-3.19433,-5.03804,1.28319,0.540343,-1.52127,-65.9172,97.6556,42.9614,-112.775,-243.635,-53.233,-263.673,-28.3093,93.2485,-331.547,270.513,111.267,11.7283,-111.317,-69.8169,16.1102,-45.9101,6.34174,-1.42135,-9.73113,11.7616,-0.345414,-0.579312,-0.357072,0.635597,0.278032,0.719892,-0.66555,0.161077,-0.647911,0.529509,-0.154794,0.802351,0.235434,-0.713567,0.307768,0.100957,-0.74369,0.0935106,0.177255,-0.216625,0.705725
